130.0 144.0 27.5 42.5 2004-08-01
130.0 4.257333 4.242857 4.259829 4.272807 4.255446 4.255446 4.253922 4.255446 4.255446 4.271074 4.242202 4.244248 4.260000 4.224828 4.215385 4.146739 3.994545 3.951220 3.895349
131.0 4.239316 4.215152 4.215862 4.221552 4.203937 4.154667 4.081013 4.052941
132.0 4.272500 4.273864 4.265882 4.265517 4.201961 4.164615 4.151136 4.061765 3.710811
133.0 3.746154 3.802439
134.0 3.716327 4.078723 3.768421
135.0 4.400000 4.163043 4.144509 4.119380 3.850617 3.792473 4.001770 4.025926 4.008696 4.062500
136.0 4.209249 4.209827 4.206322 4.205747 4.190395 4.224118 4.206818 4.208000 4.208000 4.190395 4.208000 4.185000 4.203409 4.185000 4.197753 4.184530 4.180769 4.188889 4.180769 4.198305 4.178689 4.178689 4.172432 4.189503 4.192308 4.186885 4.186885 4.166489 4.183696 4.176216 4.174332 4.160733 4.158673 4.151795 4.153333 4.149231 4.156701 4.154124 4.154124 4.154124 4.153333 4.153333 4.155155 4.153333 4.153333 4.150000 4.150000 4.153333 4.156995 4.148731 4.145960 4.148731 4.138500 4.136500 4.133663 4.126961 4.126961 4.124390 4.130732 3.944144 3.902410
137.0 4.733333 4.700000 4.223563 4.231638 4.210286 4.203409 4.203352 4.207821 4.207821 4.210286 4.205618 4.223121 4.202809 4.198333 4.202222 4.204494 4.223121 4.192308 4.201639 4.198370 4.192308 4.194536 4.216000 4.216000 4.203911 4.187912 4.189071 4.183696 4.216000 4.194536 4.191758 4.198370 4.189071 4.189071 4.189071 4.203911 4.189071 4.194536 4.198370 4.221026 4.194536 4.189071 4.191935 4.191803 4.176344 4.185326 4.189005 4.205000 4.193370 4.186022 4.182258 4.182353 4.177660 4.186885 4.187912 4.180000 4.197222 4.179459 4.156477 4.196465 4.151795 4.142211 4.136869 4.138889 4.136364 4.141379 3.884685 3.934298
138.0 4.600000 4.239227 4.192718 4.191429 4.181905 4.186058 4.161373 4.122477 4.072906 4.073684 4.003030 4.000402 4.004898 4.000000 3.994650 4.002429 3.997710 3.987764 4.001224 4.001220 4.006693 4.000410 3.992500 3.978166 3.992500 3.997710 4.004297 4.001639 4.005179 4.005200 4.005159 3.998765 3.999184 3.993750 4.005976 4.003922 4.001639 4.003125 4.004743 4.001235 3.999184 4.002811 4.002041 4.002429 3.990833 4.005221 4.002811 4.003984 4.005221 4.002429 4.002353 3.997934 3.976957 3.997934 4.006024 4.005668 4.003187 3.990377 3.997934 4.002016 4.003239 4.002811 4.005263 3.999184 3.997934 3.984141 3.999602 3.983190 4.000408 4.000410 4.002381 4.001569 3.985776 4.003704 4.001619 4.002893 3.999597 4.005000 4.007884 4.003644 4.007884 4.003433 3.996121 4.009053 4.005417 4.005042 4.006939 4.001660 4.002521 4.003347 4.002083 4.007755 4.001316 4.002521 4.002083 4.004202 4.004508 4.004846 4.005579 4.006957 4.004202 4.006639 4.007424 4.001681 4.007522 3.999573 4.005150 4.007895 4.006639 4.001293 4.010132 4.007692 3.998729 4.002165 4.002165 4.010619 4.008889 4.004681 4.005727 4.001293 4.005128 4.010619 4.008889 4.002092 3.993088 4.009417 4.010667 4.005508 4.005128 4.011161 4.002521 4.005530 4.007048 4.011659 3.997863 3.997863 4.010046 4.004425 4.010811 4.009050 3.994578 4.016667 4.006250
139.0 4.560000 4.614286 4.114350 4.094615 4.053103 4.040898 4.036927 4.006939 4.004508 4.005350 4.005350 4.004508 4.004508 4.004959 4.006250 4.006148 4.002521 3.982410 3.935294 3.864286 3.972917 3.982051
140.0 4.537500 4.353571 4.341176 4.252222 4.151020 4.172881 4.204027 4.196403 4.203977 4.202367 4.174667 4.193333 4.118943 4.081988 4.087077 4.102807 4.094375 4.092949 4.073602 4.056037 4.088316 4.072340 4.073171 4.071429 4.031685 4.029581 4.039305 4.033630 4.029325 4.027801 4.034624 4.058824 4.025794 4.011525 4.003636 3.988825 4.012442 4.098026
141.0 4.360377 4.197500 4.212871 4.226804 4.208738 4.181982 4.178761 4.181034 4.178632 4.184127 4.193939 4.209023 4.209023 4.204412 4.205797 4.205185 4.207186 4.180000 4.216438 4.203268 4.191566 4.192000 4.190132 4.190132 4.170787 4.123188 4.089685 4.087931 4.085960 4.089385 4.083989 4.082621 4.077534 4.086136 4.062088 4.082006 4.059605 4.079646 4.079646 4.059384 4.061972 4.075668 4.079091 4.083631 4.078448 4.067330 4.075793 4.041146 4.061944 4.072500 4.055000 4.062402 4.039767 4.032500 4.041579 4.048585 4.040482 4.019960 4.008068 4.006272 3.994104 4.028884 3.995228 4.004310 3.994761 3.970350 3.991398 3.976276 3.977381 3.978779 3.974631 3.976615 3.976900 3.973512 3.983721 3.967647 3.989003 4.015556 4.188462 4.243556 4.236797 4.207109 4.211667 4.225743 4.190196 4.259659
142.0 4.362500 4.334694 4.332653 4.281034 4.183333 4.211429 4.188073 4.181081 4.211852 4.175472 4.221311 4.216129 4.219298 4.069048 4.059934 3.997418 4.007048 3.995423 3.964972 3.985013 3.978421 3.974203 3.994823 3.986957 3.968012 3.974691 3.974540 3.974618 4.016404 3.994333 3.998577 4.060702 4.043130 4.065763 4.104923 4.204669 4.209600 4.198889 4.235319 4.249315 4.247059 4.228390 4.254167 4.268000 4.241964 4.245045 4.256667 4.250685 4.293855 4.266162 4.270874 4.295082 4.294944
143.0 4.322917 4.322642 4.337255 4.324490 4.322642 4.255000 4.009957 4.017797 4.045968 4.037255 4.216535 4.209804 4.217742 4.239574 4.236910 4.239394 4.239394 4.241304 4.288398 4.287302 4.276733 4.283770 4.309317 4.279899
