130.0 144.0 27.5 42.5 2000-10-01
130.0 4.311972 4.311972 4.298160 4.329545 4.303289 4.307602 4.304070 4.306410 4.306410 4.306410 4.289506 4.317204 4.318325 4.291707 4.303960 4.302222 4.313656 4.304264 4.291255 4.297551 4.280909 4.280909 4.303734 4.297131 4.304292 4.301695 4.306466 4.300781 4.302058 4.277679 4.300402 4.275325 4.275000 4.294636 4.287037 4.290041 4.290244 4.287903 4.289744 4.287854 4.287365 4.295131 4.267460 4.295333 4.288803 4.278750 4.234766 4.289961 4.249621 4.252075 4.281507 4.277500 4.286254 4.251118 4.259000 4.054819 4.003004 3.973626 3.951832 3.912174 3.936029 3.884298 3.815652
131.0 4.305797 4.293870 4.308874 4.275636 4.272202 4.272826 4.275694 4.272202 4.278547 4.272202 4.270144 4.282034 4.281356 4.278648 4.280068 4.278644 4.278694 4.272464 4.265950 4.265950 4.272789 4.262379 4.250804 4.244586 4.253398 4.248611 4.249686 4.201449 4.230769 4.253994 4.254777 4.253333 4.247962 4.226946 4.212226 4.222892 4.191667 4.183333 4.166412 4.168651 4.160755 4.126250 4.134752 4.122997 4.125271 4.135227 4.134221 4.105430 4.115652 4.111232 4.106944 4.113793 4.105694 4.105190 4.113305 4.100426 4.099283 4.095760 4.090135 4.081570 4.078694 4.067235 4.051661 4.052143 4.051613 4.054307 4.029545 4.002294 4.020161 4.021691 4.015613 3.997664 3.996244 3.997664 4.033333 4.019512 3.983621 4.011842 3.990530 3.966065 3.943750 3.943462 3.954286 3.889451 3.883732 3.863784 3.808537 3.808537
132.0 4.277451 4.172043 4.189879 4.197653 4.134872 4.187861 4.138421 4.136649 4.176650 4.125000 4.012613 4.009960 4.013415 3.983051 3.953110 3.954380 3.975000 3.961742 3.972760 3.965560 3.909274 3.914159 3.915510 3.919048 3.907609 3.882569 3.873799 3.874667 3.867647 3.854255 3.849246 3.849246 3.848148 3.852332 3.832243 3.839640 3.830208 3.841204 3.772984 3.772984 3.804059 3.829442 3.784838 3.778571 3.785556 3.778151 3.773408 3.773009 3.770852 3.766932 3.765613 3.756917 3.754217 3.756917 3.754357 3.755512 3.753600 3.756917 3.756917 3.757937 3.751653 3.757258 3.760744 3.761538 3.764979 3.754639 3.748971
133.0 3.754167 3.745211 3.738610 3.744758 3.748472 3.749393 3.748163 3.739922 3.741603 3.742578 3.741762 3.743893 3.743893 3.743893 3.743893 3.752697 3.743874 3.749402 3.750000 3.748178 3.746341 3.746341 3.749383 3.750628 3.750628 3.750628 3.743913 3.752119 3.751055 3.752137 3.751055 3.747186 3.747186 3.747186 3.744589 3.749784 3.743836 3.749784 3.749784 3.749784 3.749784 3.749784 3.749784 3.745622 3.746522 3.749784 3.746522 3.749784 3.749784 3.749784 3.749784 3.749784 3.749784 3.745852 3.749565 3.749784 3.749784 3.749784 3.749565 3.749784 3.746522 3.749565 3.749784 3.749784 3.749784 3.746522 3.749784 3.749784 3.749565 3.749784 3.749784 3.749784 3.749784 3.745852 3.748908 3.743578 3.750218 3.748908 3.749565 3.748908 3.748908 3.745852 3.745175 3.748908 3.748908 3.748908 3.747273 3.748908 3.744934 3.748246 3.748230 3.749333 3.750673 3.738462
134.0 3.804444 3.906522 3.760215 3.896226 3.746789 3.752841 3.814400 3.754286 3.746082 3.767135 3.758944 3.749359 3.754313 3.756818 3.756818 3.756818 3.756818 3.755663 3.755663 3.756818 3.755519 3.755663 3.755519 3.755663 3.755663 3.758361 3.758361 3.757843 3.757843 3.755663 3.758497 3.755663 3.757426 3.755663 3.755663 3.757980 3.755663 3.755663 3.755663 3.758497 3.755663 3.755663 3.755663 3.755663 3.757980 3.757475 3.756818 3.757190 3.757329 3.758000 3.758000 3.758000 3.758000 3.759333 3.758000 3.757049 3.753094 3.758528 3.758000 3.758000 3.758000
135.0 4.096813 3.957736 4.025979 3.956589 4.014331 3.995420 4.008815 3.999167 3.978348 3.937063 3.960942 3.958869 3.962189 4.003245 3.987006 3.987778 3.989474 3.993429 3.971968 4.051667 3.925545 3.928857 3.924074 3.992375 3.969617 3.907843 3.920588 3.992157 3.988529 3.904103 3.825610 3.849811 3.811073 3.844737 3.844839 3.846823 3.832061 3.827703 3.827490 3.844500 3.851948 3.858621
136.0 4.274457 4.094565 4.017052 4.010000 4.000000 3.955525 3.975862 3.957931 3.890291 3.894628 3.889231 3.890308 3.827602 3.821965 3.858974 3.902206
137.0 4.286260 4.331674 4.291358 4.153360 4.154727 4.154571 4.140411 4.128266 4.110184 4.090760 4.112772 4.112857 4.089013 4.117678 4.018974 4.122019 4.045251 4.064110 4.115013 4.013122 4.116383 4.006037 4.123793 3.891852 3.870115 3.855629 3.876471 3.877628 3.876901 3.908101 3.896452 3.891816 3.884342 3.907756 3.923322 3.926374 3.936032
138.0 4.518667 4.154281 4.119657 4.115888 4.105411 4.111475 4.111935 4.112736 4.114270 4.111435 4.109979 4.110722 4.099237 4.082796 4.097241 4.098779 4.097781 4.094831 3.935568 4.044758 3.930354 3.954095 3.955513 3.917166 3.939370 3.939370 3.956068 3.954258 3.956757 3.953563 3.954545 3.951242 3.931785 3.935411 3.970213 3.960538 3.966204 3.963158
139.0 4.256545 4.224390 4.213889 4.214976 4.211005 4.216204 4.225463 4.211638 4.217778 4.224434 4.223744 4.220796 4.231579 4.227897 4.230603 4.229130 4.225217 4.231034 4.226522 4.219672 4.218548 4.223904 4.202662 4.206227 4.168910 4.167722 4.142520 4.115490 4.093850 4.124647 4.126250 4.156070 4.191045 4.191011 4.186022 4.187085 4.147229 4.179928 4.190734 4.185496 4.167315 4.154864 4.143112 4.164062 4.151341 4.139593 4.138654 4.139073 4.136701 4.132695 4.135604 4.126480 4.120984 4.115635 4.114770 4.116174 4.114553 4.112998 4.115098 4.119408 4.114129 4.113779 4.114209 4.115409 4.112212 4.115295 4.127123 4.117103 4.119838 4.116170 4.115994 4.116562 4.127569 4.128417 4.116945 4.127716 4.114464 4.121619 4.112153 4.115451 4.120332 4.112488 4.120559 4.134930 4.133709 4.133006 4.121137 4.116866 4.118173 4.046881 4.110441 4.104320 4.114306 4.094995 4.101362 4.099757 4.105146 4.113213 4.104668 4.105553 4.103927 4.096879 4.108569 4.114613 4.009910 4.031021 4.019413 4.020078 4.015174 4.015376 4.014120 4.011581 4.013738 4.010505 4.009206 4.011169 4.007709 4.009178 3.993639 3.994318 3.995358 3.995592 3.995833 4.006470 4.012567 4.011003 4.012406 4.011991 4.008962 3.996209 4.007516 4.006078 3.997036 3.996169 3.984025 3.985804 3.968056 3.909677 3.872000 3.946667 3.931250 3.980556
140.0 4.321250 4.266129 4.263542 4.248990 4.248241 4.244660 4.243961 4.205417 4.222308 4.214286 4.189776 4.149530 4.149808 4.156522 4.156022 4.153833 4.181006 4.150935 4.150236 4.145412 4.143079 4.146231 4.143678 4.147176 4.135076 4.127431 4.123218 4.122403 4.124535 4.123212 4.116618 4.122154 4.119559 4.120917 4.117666 4.111640 4.116837 4.116575 4.112555 4.116126 4.116337 4.115233 4.110490 4.116061 4.116396 4.115823 4.115836 4.113078 4.047050 4.042362 4.111412 4.112617 4.058312 4.110435 4.110572 4.111479 4.054172 4.050859 4.031288 4.108582 4.088076 4.106338 4.102062 4.058469 4.045273 4.050994 4.109170 4.051748 4.053635 4.059732 4.104133 4.113504 4.102174 4.103983 4.049024 4.054946 4.037790 4.046076 4.099793 4.107959 4.033815 4.134065 4.042100 4.033890 4.128796 4.115769 4.025234 4.011648 4.027030 4.019792 4.011552 4.022626 4.029536 4.016333 4.014606 4.026030 4.020056 4.013149 4.020073 4.013456 4.014414 4.010465 4.011368 4.017383 4.024544 4.010000 4.028382 4.015974 4.021109 4.029930 4.030548 4.021358 4.009770 4.009060 4.026906 4.015285 4.008987 4.015041 4.021190 4.022772 4.025148 4.021327 4.022394 4.020092 4.014328 4.000824 4.004075 4.008118 4.001751 3.977508 3.976574 3.976513 3.972055 3.971955 4.061739
141.0 4.306186 4.288350 4.242489 4.181910 4.183824 4.187949 4.208278 4.208611 4.148157 4.177652 4.128044 4.157288 4.140131 4.150224 4.139934 4.137234 4.145902 4.143902 4.158222 4.132565 4.135343 4.131098 4.127805 4.124204 4.129363 4.129946 4.124490 4.090308 4.112697 4.124109 4.070568 4.060263 4.057236 4.036732 4.048525 4.054793 4.050123 4.044135 4.039535 4.044207 4.029254 4.045689 4.042475 4.044430 4.034949 4.050925 4.023994 4.023375 4.040163 4.040393 4.040217 4.041823 4.039973 4.037116 4.043576 4.037714 4.036928 4.037237 4.031697 4.035802 4.037052 4.042857 4.042105 4.031173 4.040082 4.033840 4.042598 4.045330 4.038621 4.015522 4.032895 4.039208 4.031813 4.027003 4.028397 4.038803 4.029383 4.024694 4.041266 4.033682 4.033610 4.028727 4.020160 4.025748 4.018035 4.031979 4.031692 4.019548 4.026951 4.026815 4.040247 4.022195 4.038063 4.031567 4.033918 4.017335 4.021342 4.028924 4.018820 4.012292 4.014466 4.017466 4.027225 4.021225 4.033716 4.034490 4.032350 4.022606 4.023566 4.030819 4.033664 4.013706 4.022473 4.024675 4.010604 4.024122 4.010345 4.023333 4.006921 4.015314 4.017373 4.022350 4.012595 4.004633 4.013939 4.012024 4.007708 4.009769 4.002418 4.003732 4.016199 3.988647 3.994152 3.986466 3.993319 3.984352 3.993713 3.986352 3.978748 3.982544 3.992089 3.976702 3.984633 3.976540 3.990830 3.995006 3.994658 3.995721 3.990701 3.991667 3.989313 3.980260 3.961335 3.974802 3.970657 3.964107 3.968421 3.973693 3.978330 4.000166 4.020404 3.970635 3.982716 4.030182 4.012747 4.054409 4.030962 4.009068 4.062419 4.068949 4.120148 4.111765 4.135821 4.154382 4.172829 4.156971 4.150860
142.0 4.324074 4.197241 4.140884 4.142529 4.170930 4.171196 4.160591 4.219737 4.067778 4.035443 4.031858 4.031676 4.040730 4.059798 4.057568 4.023654 4.048658 4.046038 4.040188 4.038642 4.023910 4.021216 4.025214 4.019512 4.007061 4.008310 3.998400 4.002710 4.019424 3.996138 4.007747 4.009955 3.993324 3.993397 3.997103 3.997285 3.997677 3.989960 4.010521 3.995961 3.988830 3.982280 3.982639 4.008983 3.993111 3.982870 3.979076 3.979076 3.979046 4.000412 4.001107 3.992060 3.988875 3.988946 3.989439 3.998312 3.994750 3.991035 3.982609 3.994345 3.997411 4.002564 3.974884 3.968669 3.991031 3.985816 3.984948 3.984635 3.967190 3.974584 3.992555 3.966563 3.966349 3.977812 3.976042 3.968936 3.962599 3.964968 3.972893 4.005414 3.986159 3.984627 4.011707 4.003978 3.988577 3.986842 4.014413 4.008807 4.022111 3.988933 4.008824 4.042533 4.028383 4.042644 4.040458 4.055396 4.040777 4.040357 4.080314 4.074222 4.070804 4.072163 4.082664 4.079295 4.075498 4.106013 4.085234 4.081071 4.083275 4.084178 4.087136 4.089206 4.080702 4.092816 4.143164 4.142557 4.138879 4.145009 4.146389 4.166453 4.160714 4.154633 4.152408 4.154721 4.154932 4.157505 4.160471 4.151292 4.159322 4.157660 4.156566 4.161042 4.159189 4.171882 4.163813 4.163566 4.161845 4.169247 4.165228 4.171262 4.163673 4.163951 4.172008 4.170290 4.165012 4.166142 4.167179 4.169430 4.173036 4.162871 4.167624 4.171875 4.169634 4.167146 4.178187 4.181389 4.182571 4.166667 4.171460 4.176045 4.159950 4.165714 4.172149 4.176905 4.185345 4.184971 4.158413 4.156563 4.180000 4.156951 4.170725 4.164941 4.184884 4.176751 4.165810 4.172654 4.156591 4.175424 4.166142 4.159169 4.155952 4.161917 4.175766 4.158418 4.162129 4.162189 4.177053 4.175354 4.168447 4.170133 4.170933 4.205397 4.182707 4.206410 4.181769 4.176962 4.185095
143.0 4.071264 4.045951 3.966830 3.982878 4.020539 3.998961 4.008075 4.020358 4.019727 4.019283 4.019463 4.022984 4.016591 4.018427 4.024176 4.026654 4.072871 4.045889 4.060957 4.074687 4.060313 4.056533 4.087990 4.130058 4.130303 4.140937 4.122674 4.106790 4.154337 4.151263 4.134774 4.145803 4.148098 4.153516 4.160000 4.169674 4.182529 4.183333 4.189074 4.221107 4.183990 4.206329 4.211290 4.185753 4.186753 4.198534
