130.0 144.0 27.5 42.5 1996-12-01
130.0 4.324194 4.311399 4.325180 4.324042 4.322184 4.321306 4.322152 4.318323 4.318323 4.304790 4.300880 4.304790 4.271744 4.165079 4.105975 4.105975 4.105975 4.105975 4.105975 4.106707 4.104050 4.104050 4.104050 4.102208 4.102208 4.107692 4.107295 4.102778 4.107692 4.103096 4.107692 4.107339 4.100645 4.101802 4.108000 4.123774 4.099104 4.106832 4.100000 4.104601 4.104601 4.104601 4.104601 4.104601 4.106192 4.099399 4.106790 4.104601 4.104601 4.104601 4.102134 4.101929 4.104601 4.104601 4.115613 4.099681 4.099365 4.100649 4.099317 4.052096 4.050148 4.032461 4.022543 4.038532 4.010465
131.0 4.296591 4.248268 4.242417 4.244622 4.241950 4.234140 4.184574 4.182240 4.162217 4.158747 4.140852 4.133166 4.131738 4.118780 4.126161 4.116949 4.117233 4.110864 4.104444 4.103390 4.096222 4.079494 4.077667 4.084518 4.071429 4.069327 4.068812 4.067742 4.009814 3.964759 3.904727 3.889516 3.888889 3.881407 3.807054 3.805462
132.0 4.111765 4.076579 4.068299 4.063939 4.021951 4.017344 3.933333 3.928070 3.928070 3.925784 3.922105 3.915901 3.906786 3.906786 3.906884 3.910182 3.905357 3.894030 3.883197
133.0 3.776214 3.758893 3.764032
134.0 3.920346 3.787500 3.763934 3.769327 4.063333
135.0 3.909507 3.989189 3.970801 3.935056 3.926794 3.912736 3.881250 3.901795 3.942549 3.896401 3.902206 3.919877 3.792938 3.773721 3.811449 3.800665 3.830479 3.790869 3.857059
136.0 4.086709 4.063793 3.986154 3.981649 3.950881 3.937570 3.935728 3.935849 3.935728 3.935917 3.976378 3.908917 3.909322 3.906170 3.908650 3.905508 3.901702 3.900000 3.870023 3.876757 3.881818 3.885804
137.0 4.159649 4.129545 4.100846 4.096963 4.101753 4.102551 3.987275 4.100719 4.100242 4.008055 3.902949 3.926892 3.926108 3.922824 3.926066 3.926656 3.928939 3.928939 3.923177 3.922131 3.922131 3.920755 3.925284 3.920784 3.922496 3.920784 3.916517 3.913628 3.916517 3.916517 3.923849 3.915789 3.919476 3.916848 3.916150 3.917159 3.919623 3.918397 3.920833 3.918657 3.918978 3.919703 3.920000 3.917992 3.919075 3.917871 3.921311 3.931127 3.960995 3.963415 3.984247
138.0 4.300000 4.159118 4.138659 4.132349 4.121511 4.113709 4.113712 4.106303 4.106309 4.100139 4.097962 4.096077 4.095125 4.088104 4.084063 3.961147 3.957842 3.962888 3.963919 3.954391 3.959673 3.995430 3.987307 3.983871 4.085417 4.091429 4.035000 4.041935
139.0 4.214909 4.125614 4.126167 4.118923 4.121148 4.110943 4.109232 4.112436 4.105957 4.105589 4.106664 4.107829 4.106985 4.104552 4.107530 4.110070 4.106685 4.104315 4.108240 4.111810 4.108011 4.111727 4.106704 4.110696 4.106092 4.104690 4.104971 4.108820 4.101334 4.098839 4.098795 4.099355 4.098838 4.099269 4.099570 4.099570 4.099143 4.101546 4.099571 4.099356 4.098160 4.099829 4.099786 4.099573 4.099743 4.099829 4.099188 4.097695 4.100256 4.099872 4.099445 4.099872 4.099786 4.100000 4.099786 4.100043 4.100043 4.099786 4.100000 4.100043 4.098209 4.100000 4.100043 4.099615 4.100043 4.100043 4.100043 4.099872 4.100000 4.102939 4.099658 4.099744 4.100128 4.099957 4.100043 4.099659 4.099360 4.099787 4.103767 4.099957 4.099957 4.099787 4.099787 4.100043 4.099957 4.099787 4.099957 4.099957 4.099872 4.098891 4.099147 4.098891 4.099957 4.099147 4.099147 4.098719 4.098719 4.097953 4.099872 4.099659 4.099532 4.099489 4.104600 4.100043 4.100128 4.099489 4.099361 4.098934 4.099744 4.100043 4.099702 4.097996 4.100043 4.099446 4.100128 4.099109 4.107284 4.097427 4.104970 4.106922 4.104722 4.095983 4.096163 4.101601 4.087587 4.085405 4.100570 4.099545 4.085469 4.084799 4.088914 4.026619 4.022926 4.023709 4.023851 4.023105 4.029155 4.025036 4.021230 4.021188 4.021423 4.020147 4.017992 4.022828 4.022781 4.023708 4.024053 4.025878 4.025278 3.971758 3.971990 3.973138 3.971618 3.978320 3.961290 4.082192 4.041818 4.045631 4.046000 3.968000 4.023077
140.0 4.281193 4.279204 4.251200 4.244747 4.148577 4.132192 4.153838 4.156141 4.155855 4.154347 4.156801 4.152734 4.157493 4.152415 4.153218 4.124143 4.119597 4.129001 4.118553 4.120550 4.111043 4.113249 4.104896 4.105469 4.105971 4.105731 4.104764 4.104262 4.107249 4.104510 4.104345 4.104036 4.105497 4.105293 4.105324 4.104421 4.105022 4.105062 4.103741 4.102391 4.101628 4.100641 4.068813 4.100640 4.100188 4.099774 4.100189 4.099962 4.098110 4.069289 4.098344 4.053222 4.054091 4.067884 4.075943 4.095218 4.093627 4.052765 4.051685 4.102495 4.045075 4.042757 4.044956 4.027539 4.026791 4.028242 4.023882 4.030204 4.024451 4.048425 4.024360 4.045667 4.023156 4.043886 4.024511 4.045553 4.045966 4.022897 4.047627 4.039985 4.038590 4.039466 4.039862 4.038819 4.040163 4.039852 4.039764 4.038954 4.044084 4.030036 4.033190 4.022778 4.021832 4.019266 3.988298 3.982809 3.985093 3.978378 4.016910 4.013235 3.999775 4.101277
141.0 4.310000 4.235088 4.226885 4.230182 4.215361 4.233528 4.149816 4.174194 4.159096 4.164525 4.149162 4.143318 4.143992 4.167391 4.128761 4.136728 4.169051 4.151789 4.085913 4.079865 4.081286 4.055276 4.055936 4.052310 4.051719 4.070461 4.049017 4.047287 4.065630 4.065970 4.055584 4.069415 4.061720 4.060910 4.071811 4.057298 4.051678 4.063239 4.058961 4.049666 4.064888 4.064637 4.053378 4.065056 4.068766 4.064746 4.054034 4.053512 4.051046 4.052636 4.055648 4.053261 4.054177 4.053589 4.052684 4.052592 4.052727 4.053197 4.052562 4.049837 4.048583 4.047144 4.043478 4.051939 4.043482 4.059308 4.053232 4.052993 4.047487 4.049401 4.045965 4.046576 4.033358 4.034065 4.032816 4.037639 4.039878 4.033277 4.032909 4.029361 4.024635 4.021087 4.019350 4.017811 4.016710 4.013177 4.010031 4.005551 4.015014 4.012394 4.006833 4.010801 4.022955 4.023551 4.091033 4.170317 4.123359 4.170169 4.163385 4.132353
142.0 4.186296 4.071992 4.074060 4.071351 4.060359 4.067903 4.064546 4.061294 4.064534 4.058590 4.064763 4.025355 4.027553 4.035952 4.022358 4.022865 4.025559 4.023717 4.012452 4.025242 4.019977 4.016254 4.024145 4.020519 4.022837 4.033114 4.016862 4.016862 4.023727 4.021436 4.008293 4.040000 4.034701 4.049288 4.049571 4.068768 4.073628 4.098243 4.118789 4.122372 4.121875 4.131205 4.131602 4.121690 4.128181 4.114206 4.120495 4.124077 4.149782 4.162297 4.159649 4.159649 4.167975 4.161598 4.164573 4.166232 4.168143 4.170312 4.165751 4.176607 4.178976 4.171233 4.159443 4.179231 4.155711 4.167665 4.156627 4.153265 4.170741 4.157588 4.184270 4.179233 4.178153
143.0 4.040223 4.015613 4.012943 4.014262 4.045931 4.067500 4.059465 4.053427 4.054562 4.052321 4.054480 4.052473 4.054004 4.051364 4.060245 4.061633 4.063284 4.066168 4.064587 4.066606 4.068877 4.065187 4.081168 4.080943 4.074818 4.087611 4.107963 4.115528 4.116135 4.146858 4.175048 4.177606 4.168739 4.167840 4.171502 4.170169 4.174701 4.173010 4.165372 4.173356 4.175085 4.200917 4.190850 4.187778 4.184270 4.189013 4.187615 4.188785
