130.0 144.0 27.5 42.5 2002-09-01
130.0 4.273737 4.302439 4.257273 4.276923 4.288489 4.260825 4.270652 4.267143 4.233594 4.225197 4.249167 4.258219 4.243478 4.236364 4.257962 4.250658 4.263226 4.266250 4.232090 4.238129 4.249231 4.234328 4.243357 4.234328 4.281517 4.243902 4.273786 4.234706 4.271014 4.242857 4.280374 4.266304 4.275785 4.245324 4.234706 4.265405 4.252299 4.268571 4.256977 4.270320 4.270320 4.240123 4.239884 4.270320 4.237647 4.240571 4.269725 4.248352 4.270320 4.240571 4.247514 4.245405 4.247514 4.246961 4.241781 4.239535 4.261033 4.233333 4.234228 4.239888 4.259722 4.240223 4.246196 4.250000 4.238506 4.241530 4.233708 4.231818 4.227624 4.247867 4.252941 4.257143 4.257143 4.259887 4.243028 4.226316 4.235821 4.251366 4.230729 4.232683 4.205848 4.233047 4.202222 4.151429 4.148592 4.146040 4.126549 4.106569 4.101460 4.100847 4.059494 4.019192 4.035211 4.038261 4.013636 4.000000 3.980405 3.979012 3.942500 3.953000 3.959060 3.946429 3.939062 3.942623 4.300000 4.300000
131.0 4.256122 4.243506 4.236000 4.243396 4.239306 4.230151 4.224667 4.237288 4.233198 4.228022 4.236905 4.226257 4.228022 4.237891 4.230719 4.224699 4.218750 4.218750 4.208046 4.178035 4.197315 4.181429 4.114583 4.101408 4.120000 4.112442 4.119753 4.115528 4.119018 4.114815 4.114815 4.090395 4.071901 4.068548 4.065600 4.078261 4.061932 4.047541 4.006316 4.015254 3.973864 3.943011 3.947222 3.960753 3.960753 3.883333 3.861321 3.862025 3.825000 3.805882 3.814685 3.788372
132.0 4.219048 4.204306 4.161728 4.154902 4.153797 4.160465 4.138393 4.146269 4.111957 3.996809 3.991710 3.998333 3.942683 3.913636 3.923077 3.915337 3.884112 3.845455 3.857718 3.852027 3.802817 3.779091 3.811852 3.794340 3.800000 3.800870 3.805833 3.791935 3.746032 3.780328 3.774545 3.748438 3.717742 3.768657
133.0 4.031746 3.770732 3.750000 3.726190 3.783333 3.738983 3.750279 3.743605 3.743605 3.755030 3.747674
134.0 3.830935 3.689583 3.709615 3.703390 4.008661 3.917308 3.917308 3.717391 3.803101 3.777500 3.710714 3.857778
135.0 4.072432 4.113426 4.088739 4.062500 4.082096 4.067364 4.039764 4.040659 3.987382 4.037313 4.021845 3.952265 4.034646 3.992285 4.041406 3.985366 3.992670 4.005372 4.006699 3.835385 3.895276 3.832370 3.820661 3.782540 3.794531 3.842202 3.821212 3.855814 3.904286 3.891667 3.916667 3.930435 5.100000
136.0 4.140000 4.159140 4.122120 4.066400 4.058203 4.062452 4.062846 4.041071 4.060784 4.041727 4.046545 4.069650 4.066920 4.047876 4.061395 4.058192 3.967873 3.886034 3.842500 3.852191 3.874324 3.842500 3.831613 3.897458 3.865000 3.862857 3.849206 3.841379 3.842647 3.811864 3.835385 3.836697 3.843571 3.854808 3.857042 3.838462
137.0 4.700000 4.700000 4.669231 4.707692 4.267647 4.193532 4.209396 4.151037 4.159434 4.085333 4.094505 4.080464 4.080198 4.078548 4.073090 4.076316 4.071429 4.108197 4.071856 4.094203 4.050853 4.066078 4.049245 4.046332 4.046127 4.019184 4.018222 4.056627 3.986290 3.966667 3.976389 3.916022 3.874775 3.892857 3.848291 3.878777 3.848291 3.854251 3.861569 3.877165 3.886957 3.863934 3.861376 3.904924 3.937607 3.917647 3.973737 3.936607 3.935426 3.975843
138.0 4.558333 4.650000 4.678571 4.635294 4.653333 4.213462 4.167355 4.021429 4.012426 4.005607 3.976923 3.925084 3.960436 3.966667 3.969295 3.950000 3.959533 3.987383 3.962312 3.971111 3.967368 3.968306 4.004762 4.021053 3.893750 3.852941
139.0 4.560000 4.584615 4.564706 4.547619 4.513043 4.319444 4.228333 4.182716 4.208155 4.199200 4.200806 4.199595 4.201992 4.195669 4.193077 4.201556 4.198837 4.175746 4.185772 4.172897 4.195270 4.148684 4.051546 4.069507 4.065192 4.039000 4.048344 4.020922 4.024370 4.023265 4.034348 4.032018 4.026316 4.039916 4.053909 4.042308 4.053047 4.051965 4.050526 4.044950 4.023256 4.054141 3.994130 3.975870 3.986256 4.021008 3.992093 4.010853 4.014108 4.018316 4.013495 4.009393 4.009397 4.001559 4.011374 3.983893 4.010145 4.004611 4.015385 4.007154 4.011834 4.003771 3.999552 4.002419 4.014587 3.983590 3.998632 4.001766 3.981791 3.998810 3.994507 4.010485 3.967641 3.977215 3.981100 3.946743 3.942813 3.962674 3.938333 3.939614 3.971795 3.968182 3.878788 3.960000 3.991111 3.879412 3.935294 3.879412 3.936111
140.0 4.537500 4.361111 4.429730 4.294521 4.280583 4.246610 4.309697 4.307784 4.301765 4.302353 4.292442 4.215556 4.302353 4.292486 4.294253 4.295930 4.290909 4.292442 4.286111 4.286364 4.280899 4.282682 4.277596 4.268681 4.277717 4.173684 4.161905 4.155676 4.150562 4.212749 4.209408 4.164224 4.185052 4.202034 4.170852 4.214915 4.166667 4.180660 4.183099 4.170293 4.136508 4.162857 4.136100 4.128333 4.099045 4.102640 4.084673 4.072011 4.067273 4.083158 4.066183 4.060174 4.074692 4.069527 4.072965 4.051413 4.061317 4.066296 4.068018 4.062821 4.055975 4.058263 4.054526 4.050094 4.067758 4.055591 4.053918 4.055210 4.055452 4.071675 4.054608 4.060333 4.067079 4.055726 4.053353 4.047095 4.052617 4.045473 4.045063 4.047434 4.053145 4.032522 4.033333 4.031057 4.039053 4.029402 4.031429 4.038880 4.031158 4.050246 4.039685 4.037540 4.044627 4.049290 4.051663 4.055819 4.032609 4.044959 4.068783 4.038681 4.036632 4.041638 4.064398 4.037500 4.038912 4.019718 4.050583 4.027798 4.016696 4.019810 4.018281 4.039713 4.024812 4.013942 4.027757 4.018426 4.032018 4.007367 4.011979 4.015570 4.005907 4.020737 4.005043 4.002756 3.999706 4.007072 4.000000 4.001722 4.007692 4.000146 4.018147 4.004314 4.013729 4.005463 4.008513 4.003840 4.013628 4.007477 4.005722 4.004144 3.996536 4.006131 4.000407 4.017343 4.002198 3.999176 3.975468 3.975685 3.971002 3.980728 4.003904 3.997576 3.974643 4.100000 4.095023 4.073451 4.114094 4.110884 4.121341 4.120500
141.0 4.365854 4.382456 4.343396 4.371667 4.382540 4.381034 4.361194 4.376190 4.312727 4.359016 4.351724 4.301587 4.311688 4.275248 4.294286 4.268627 4.243802 4.322667 4.233884 4.248571 4.245714 4.252066 4.198561 4.198571 4.237264 4.247867 4.172549 4.186188 4.168981 4.176289 4.176423 4.171090 4.158140 4.167742 4.160106 4.131699 4.146025 4.147291 4.160000 4.146269 4.160920 4.143777 4.175706 4.125391 4.158511 4.157360 4.150952 4.152577 4.157576 4.148020 4.148205 4.146429 4.157346 4.146734 4.148969 4.145128 4.154808 4.150244 4.146009 4.131655 4.145226 4.124567 4.122222 4.139583 4.112228 4.117726 4.108597 4.107763 4.108295 4.109957 4.129146 4.082768 4.079890 4.067312 4.069807 4.056782 4.046678 4.049733 4.072414 4.049726 4.033022 4.038757 4.039179 4.037358 4.037937 4.044571 4.048552 4.033271 4.029403 4.045614 4.042248 4.032416 4.023785 4.026886 4.018513 4.029904 4.017223 4.043137 4.009524 4.022084 4.042424 4.012500 4.016146 4.047628 4.040305 4.037336 4.014076 4.047647 4.012821 4.038495 4.041681 4.013019 4.016837 4.036526 4.019127 4.045608 4.020821 4.017221 4.013646 4.032959 4.040097 4.026396 4.014370 4.014766 4.006798 4.022287 4.009950 4.026307 4.011867 4.015227 4.031861 4.020961 4.014576 4.024760 4.036124 4.014085 4.019369 4.032855 4.021591 4.027533 4.013366 4.027402 4.018850 4.017614 4.018484 4.028427 4.015147 4.033543 4.032377 4.022937 4.012573 4.013546 4.014481 4.017344 4.016499 4.007881 4.019915 4.014400 4.035211 4.022899 4.008649 4.020962 4.008594 4.025147 4.013906 4.014748 4.025049 4.040969 4.017850 4.018318 4.009037 4.007367 4.023035 4.007886 4.015410 4.007035 4.014771 4.000798 4.002834 4.000785 4.007196 4.006560 3.992136 3.996055 3.999828 4.021739 4.008879 4.000000 4.004152 3.986824 3.991714 3.978634 3.998830 3.979914 3.981502 3.977778 3.994773 3.987525 3.977548 3.979202 3.979762 3.980917 3.986948 3.996835 3.981532 3.983566 3.992798 3.986818 3.972667 3.978199 3.986893 3.965419 3.957895 3.964754 3.965041 3.963291 3.965779 3.968454 3.959951 3.971636 3.976371 3.973904 3.976321 3.973013 3.973291 3.973840 3.971488 3.976759 3.973718 3.977564 3.971036 3.971036 3.969159 3.969053 3.970763 3.976159 3.973895 3.970108 3.973068 3.973160 3.971767 3.979684 3.974000 3.976957 3.977948 3.975219 3.977162 3.980306 3.982488 3.983921 3.976190 3.987064 3.995378 3.985609 3.985809 3.981184 3.978598 3.985882 3.982903 3.979572 3.986166 3.984493 3.988224 3.991091 3.988247 3.989780 3.991753 3.994583 3.988623 3.993878 3.992798 3.989876 3.992073 3.989579 3.989697 3.992638 3.996444 3.993890 3.990891 3.993890 3.990816 3.996066 3.992857 3.992653 3.992668 3.991724 3.986199 3.992500 3.996033 3.994969 3.993827 3.994526 3.998174 3.992693 3.998635 3.994262 3.993305 3.993224 3.983452 3.993182 3.988131 3.993038 3.996855 3.994595 3.993582 3.993151 3.986957 3.995238 3.982228 3.996565 3.995763 3.992000 3.992094 3.983582 3.992562 3.992842 3.993261 3.981546 3.977330 3.990985 3.980048 3.992704 3.980048 3.991511 3.989218 3.982382 3.988842 3.993682 3.991720 3.991368 3.992971 3.996725 4.001802 3.999552 3.994931 4.025968 4.026575 4.027642 4.021096 4.023575 3.985818 4.047354 4.034540 4.050338 4.080779 4.064664 4.072340 4.132340 4.207692 4.169438 4.195253 4.173626 4.196491 4.180398 4.166434 4.185281 4.182667 4.209829 4.166492 4.154545
142.0 4.368293 4.380952 4.380952 4.380952 4.334694 4.374419 4.352174 4.360000 4.374419 4.374419 4.341176 4.352174 4.348980 4.374419 4.352174 4.360000 4.338000 4.348980 4.338000 4.339216 4.331481 4.310526 4.347619 4.351562 4.370769 4.329508 4.370769 4.285965 4.289474 4.284615 4.278571 4.240625 4.262385 4.270642 4.231746 4.184000 4.170199 4.138462 4.190132 4.162679 4.161215 4.147186 4.122993 4.070681 4.071576 4.050708 4.028780 4.040236 4.046640 4.051656 4.021007 4.043226 4.047009 4.034593 4.034845 4.031250 4.026465 4.021875 4.015493 4.025482 4.017433 4.019277 4.002826 3.982718 3.996302 3.987695 3.997959 3.984514 3.984288 3.985741 3.987774 3.982122 3.989714 3.982029 3.985614 3.978929 3.990411 3.983270 3.982500 3.977857 3.984030 3.987013 3.988534 3.995490 3.982278 3.983193 3.982632 3.987684 3.975723 3.989749 3.997907 3.998287 3.981688 3.980000 3.985111 3.984479 3.984202 3.969680 3.989214 3.974639 3.986220 3.969114 3.966026 3.971367 3.967108 3.986813 3.965909 3.958758 3.959865 3.970698 3.968636 3.972422 3.961472 3.978604 3.975752 3.978719 3.972819 3.970602 3.972320 3.980344 3.985178 3.984361 3.979433 3.981982 3.985397 3.982176 3.982036 3.986611 3.977892 3.989354 3.981440 3.992263 3.991255 3.987109 4.000610 3.981111 3.993532 4.001691 4.008211 4.027344 4.016247 4.023855 4.022986 4.022393 4.054054 4.031138 4.089028 4.066824 4.077536 4.074883 4.079286 4.077315 4.084772 4.097416 4.082670 4.080866 4.092060 4.097130 4.132471 4.068432 4.090389 4.172673 4.186667 4.161259 4.206642 4.163840 4.207380 4.178667 4.190769 4.165404 4.154321 4.167905 4.168901 4.202365 4.166150 4.174005 4.201954 4.206757 4.205842 4.192879 4.197444 4.217603 4.189474 4.182849 4.176602 4.166216 4.177322 4.190462 4.201320 4.198033 4.185795 4.208163 4.203943 4.190184 4.176857 4.209756 4.199329 4.195988 4.208014 4.220949 4.193884 4.236638 4.186607 4.206689 4.189728 4.202795 4.248472 4.186982 4.189552 4.199688 4.213718 4.202857 4.189908 4.221176 4.233617 4.206667 4.219173 4.198738 4.204795 4.217537 4.221912 4.189506 4.236957 4.202894 4.217603 4.216667 4.223194 4.234630 4.237500 4.252466 4.233465 4.255459 4.239759 4.212752 4.237643 4.244628 4.237319 4.237050 4.214047
143.0 4.380952 4.413158 4.009767 4.022590 4.007289 3.994468 4.002571 3.969298 3.969032 3.957955 3.972458 3.970146 3.959112 3.950396 3.973753 3.973002 3.951979 3.967073 3.964691 3.964604 3.973742 3.973598 3.966583 3.970892 3.966297 3.966429 3.958333 3.964986 3.969750 3.974783 3.971194 3.973934 3.981899 3.982609 3.990578 3.976845 3.976762 3.976962 3.975063 3.978904 3.984439 3.994090 3.999787 4.002139 3.992334 3.989189 3.976708 3.998188 3.998883 3.992903 4.006364 4.005639 4.030195 4.028743 4.045603 4.051765 4.067826 4.124277 4.175472 4.175285 4.189520 4.187200 4.159286 4.202574 4.205147 4.182500 4.207407 4.207721 4.204396 4.204396 4.200641 4.204364 4.199679 4.171693 4.173210 4.172487 4.200000 4.214238 4.204110 4.204362 4.224609 4.226007 4.221818 4.208766 4.244017 4.220141 4.230041 4.190997 4.226800 4.225483 4.221852 4.252489 4.188253 4.228163 4.224901 4.222868 4.194393 4.221622 4.196178 4.235223 4.195268 4.224615 4.239918 4.254978 4.226103 4.239676 4.248291 4.255652 4.242000 4.246502 4.244177 4.253953 4.251915 4.244398 4.228986 4.242339 4.238346 4.223630 4.259825 4.247325 4.243089 4.251942 4.217007 4.227719 4.258257 4.251915 4.238376 4.256132 4.233456 4.273171 4.258515 4.236364 4.247899 4.258294 4.256481 4.251542
