130.0 144.0 27.5 42.5 1998-11-01
130.0 4.331788 4.307927 4.331138 4.307143 4.303483 4.319907 4.316228 4.318966 4.326667 4.316016 4.311940 4.319685 4.320438 4.314552 4.307143 4.319149 4.326545 4.319414 4.314545 4.312545 4.316140 4.306227 4.310877 4.306122 4.316981 4.319929 4.308240 4.278125 4.277399 4.262784 4.158974 4.157935 4.159283 4.151934 4.147561 4.132484 4.091873 4.086166 4.083264 4.017391 4.017391 4.004828 3.965493 3.997619 3.996000 3.997610 3.997610 3.997610 3.985597 3.997610 3.996000 3.985597 4.004693 3.995238 4.004693 3.982716 3.980709 3.996309 3.979310 3.979310 4.015075 3.861111
131.0 4.325263 4.309158 4.295946 4.274148 4.272599 4.269767 4.261667 4.238847 4.239043 4.237255 4.237366 4.232176 4.217647 4.185034 4.162130 4.160127 4.146254 4.153548 4.147368 4.153185 4.153623 4.148077 4.145373 4.140496 4.135279 4.115954 4.112865 4.069136 4.083333 4.051163 4.037417 4.052134 4.024399 4.010164 4.006296 3.984142 3.922093 3.964873 3.904115 3.867257 3.868085 3.850000 3.780426
132.0 4.302586 4.073264 4.042705 4.036749 4.039655 4.069620 4.043729 4.047950 4.040678 4.042466 4.042414 4.038356 4.013356 4.002201 3.995584 3.984407 3.995690 3.958278 3.938745 3.921771 3.908730 3.932482 3.909434 3.897967 3.884274 3.863274 3.850222 3.839044 3.812500 3.809962
133.0 4.268243 4.217778 4.112903 3.792105 3.863492 3.795294 3.785141 3.759633 3.768546 3.760104 3.762404 3.753488 3.748101
134.0 3.844813 3.798571 3.743162 3.741284 3.911020 3.760309 3.892466 3.898587 3.746524 3.805611 3.757219 3.764691 3.766329 4.066667
135.0 3.983954 3.947205 4.004082 4.005000 3.963607 3.974413 3.951977 3.949462 3.930693 3.981330 3.990885 3.940547 3.933596 3.942760 3.941032 3.939912 3.902111 3.947599 3.907143 3.907429 3.956092 3.894527 3.805909 3.931392 3.782938 3.785847 3.860056 3.834264 3.818508 3.837084 3.815702 3.861316 3.863807 3.807547 3.840943 3.858645 3.784633 3.785600 3.857460 3.877377 3.921026 3.925389 3.923958 3.928804 3.925000 3.916667 3.932022 3.879085 3.874825 3.996429
136.0 4.194760 3.948828 3.945129 3.947776 3.946394 3.990706 3.979447 3.997864 3.916942 3.924156 3.865192 3.880914 3.883882 3.891022 3.889815 3.869912 3.892424 3.887458 3.969758 4.011818
137.0 4.345128 4.064106 4.056808 4.069282 4.119726 3.992291 4.104603 3.989619 4.102049 3.992230 4.100669 4.088520 4.100384 4.103559 4.007417 4.099952 4.090628 4.103667 3.939910 3.955844 3.933068 3.914345 3.889535 3.914922 3.898857 3.897036 3.894951 3.894197 3.894197 3.923273 3.910833 3.918872 3.929882 3.959770 3.969970 4.035000
138.0 4.596667 4.325728 4.158512 4.138598 4.132284 4.135786 4.123878 4.126262 4.115553 4.107829 4.095694 4.113887 4.097778 4.088022 4.088106 4.087580 4.081781 4.088479 4.085331 4.089675 4.088256 4.088901 3.947360 3.970674 3.938304 3.973351 3.936006 3.934887 3.929148 3.951119 3.951037 3.952391 3.915666 3.915666 3.966042 3.965570 3.969296 3.994626 3.989216 3.973256 3.988235 3.937500
139.0 4.133527 4.134851 4.130021 4.123810 4.133969 4.126677 4.126885 4.131821 4.127020 4.130556 4.127563 4.125720 4.127833 4.126903 4.126365 4.125884 4.124015 4.127410 4.125790 4.124418 4.122522 4.125666 4.122459 4.125013 4.120693 4.122548 4.120134 4.123357 4.121672 4.120691 4.121403 4.120227 4.117929 4.117774 4.120421 4.121513 4.120421 4.120082 4.120267 4.118177 4.119887 4.120899 4.120605 4.119795 4.127295 4.116933 4.120776 4.120961 4.121214 4.121214 4.118923 4.120460 4.120961 4.120961 4.121101 4.121214 4.119087 4.119292 4.119456 4.120460 4.119456 4.119128 4.119118 4.116201 4.119231 4.119487 4.120061 4.120061 4.120061 4.119395 4.119959 4.119138 4.120450 4.119302 4.120061 4.120450 4.120450 4.120450 4.120061 4.118974 4.119375 4.119195 4.120549 4.120531 4.119959 4.120214 4.119959 4.118974 4.118974 4.120450 4.118974 4.120214 4.120061 4.119138 4.119231 4.119231 4.119231 4.119138 4.119138 4.118974 4.119048 4.110580 4.118657 4.116718 4.118753 4.117804 4.118549 4.118033 4.118549 4.116350 4.118753 4.118033 4.118846 4.116350 4.118069 4.117771 4.117874 4.117804 4.120112 4.117874 4.118163 4.118712 4.117804 4.117376 4.118846 4.118000 4.118712 4.118734 4.118804 4.117771 4.118664 4.120449 4.118539 4.117870 4.117565 4.115289 4.117976 4.117171 4.117436 4.117436 4.117874 4.117888 4.117888 4.120285 4.117436 4.116393 4.118008 4.115770 4.117450 4.117863 4.117863 4.117243 4.117874 4.117699 4.118084 4.117888 4.118008 4.117436 4.110463 4.118316 4.117874 4.116307 4.117801 4.121047 4.116109 4.118121 4.118265 4.117897 4.117291 4.116992 4.117086 4.121352 4.116144 4.118089 4.117586 4.117179 4.117087 4.119623 4.116212 4.115977 4.115424 4.117369 4.117369 4.117369 4.117087 4.117665 4.114735 4.117146 4.117586 4.117629 4.117003 4.114874 4.114928 4.116839 4.117369 4.117034 4.116290 4.117369 4.117665 4.117665 4.117707 4.117034 4.117034 4.116839 4.117369 4.117257 4.114853 4.117369 4.117608 4.117034 4.117665 4.117146 4.117087 4.117608 4.117257 4.117034 4.117734 4.119521 4.120707 4.119256 4.116914 4.117545 4.118098 4.117111 4.119776 4.118154 4.117349 4.115329 4.116727 4.117572 4.115752 4.115871 4.115090 4.117156 4.117349 4.117034 4.116615 4.117034 4.116812 4.117017 4.115570 4.116812 4.117496 4.115811 4.115811 4.115468 4.116615 4.117309 4.117273 4.117156 4.115142 4.117034 4.116812 4.117034 4.115436 4.116615 4.116066 4.113537 4.115570 4.116615 4.117034 4.115630 4.117273 4.116573 4.117034 4.115570 4.116033 4.117034 4.115090 4.115570 4.116812 4.119348 4.119614 4.118279 4.117291 4.117268 4.119879 4.117460 4.117529 4.116752 4.119350 4.116419 4.117442 4.116999 4.115963 4.116376 4.117034 4.119512 4.117008 4.117231 4.116023 4.118042 4.119756 4.116376 4.116992 4.115167 4.118820 4.120705 4.114264 4.114817 4.115657 4.115357 4.114918 4.114918 4.114925 4.115527 4.116992 4.115657 4.114771 4.115586 4.115306 4.115657 4.114382 4.114771 4.115657 4.115657 4.115657 4.114918 4.116992 4.114918 4.115879 4.115879 4.116966 4.114954 4.116992 4.115116 4.117307 4.115527 4.115357 4.113733 4.118056 4.114845 4.113859 4.115527 4.114954 4.115784 4.115527 4.115784 4.116992 4.115879 4.116966 4.115098 4.114492 4.115242 4.116710 4.117248 4.114559 4.116966 4.115116 4.119288 4.116598 4.116966 4.118056 4.117538 4.118658 4.115306 4.117119 4.117078 4.120190 4.118358 4.115879 4.117617 4.120453 4.114492 4.115627 4.117213 4.117248 4.116117 4.118712 4.116770 4.118214 4.118534 4.114264 4.114573 4.120081 4.117009 4.118242 4.114902 4.120283 4.117436 4.118140 4.118390 4.113557 4.117810 4.116572 4.115116 4.115476 4.116064 4.118568 4.114803 4.116795 4.118549 4.118405 4.118471 4.118558 4.114838 4.115123 4.116795 4.115028 4.115226 4.116487 4.115052 4.114359 4.115337 4.116487 4.114264 4.114925 4.114692 4.114941 4.116710 4.115064 4.114925 4.118405 4.115123 4.116064 4.114507 4.115476 4.114925 4.114925 4.114961 4.116290 4.116290 4.115064 4.115123 4.115476 4.116265 4.115476 4.115123 4.116265 4.115523 4.115476 4.116265 4.115139 4.115476 4.115123 4.115181 4.115123 4.116769 4.113688 4.120030 4.119675 4.114462 4.114462 4.114907 4.113330 4.117137 4.118931 4.116265 4.115028 4.118628 4.117620 4.114462 4.120203 4.114874 4.114087 4.115278 4.116409 4.114910 4.115191 4.114660 4.118549 4.118448 4.118332 4.114095 4.118079 4.113836 4.118313 4.118439 4.116521 4.118507 4.116572 4.118498 4.118919 4.117256 4.119096 4.114653 4.118121 4.118728 4.118433 4.112752 4.113209 4.118686 4.115072 4.114815 4.115234 4.112830 4.114146 4.116324 4.115901 4.115013 4.115049 4.114581 4.115072 4.115049 4.115860 4.114035 4.115013 4.115049 4.115719 4.114146 4.115064 4.114874 4.115064 4.115064 4.115064 4.115028 4.115064 4.114910 4.115028 4.115013 4.113948 4.115591 4.114249 4.115922 4.116144 4.114796 4.115005 4.115922 4.113976 4.118079 4.118919 4.117755 4.118999 4.118465 4.115234 4.113985 4.119237 4.114146 4.118549 4.116667 4.114910 4.115313 4.118112 4.119142 4.120283 4.113268 4.114264 4.115008 4.117864 4.117967 4.118593 4.114697 4.118568 4.114594 4.118507 4.113086 4.117103 4.114139 4.114300 4.118288 4.116882 4.118182 4.113278 4.120133 4.119274 4.121095 4.113968 4.114264 4.118551 4.114535 4.118130 4.118210 4.120274 4.114403 4.118549 4.114242 4.114558 4.114323 4.113059 4.113086 4.115057 4.113690 4.113690 4.114160 4.115057 4.113258 4.114160 4.113690 4.113258 4.114300 4.115057 4.114242 4.114396 4.116786 4.113258 4.114022 4.118539 4.113557 4.118919 4.114432 4.114432 4.117949 4.114895 4.114895 4.114756 4.119632 4.113073 4.119031 4.118210 4.113261 4.120111 4.114080 4.114771 4.118977 4.114756 4.120871 4.118958 4.113326 4.114021 4.116983 4.113086 4.118904 4.113852 4.115057 4.118386 4.119417 4.117034 4.113165 4.114300 4.114704 4.114300 4.113919 4.118938 4.114786 4.117487 4.115270 4.118609 4.113106 4.112744 4.118539 4.115306 4.120536 4.118191 4.112853 4.114543 4.116624 4.112106 4.116229 4.114139 4.117130 4.118696 4.117043 4.114278 4.114440 4.115468 4.117411 4.113702 4.117968 4.118581 4.112983 4.113100 4.116212 4.117043 4.114080 4.115468 4.117689 4.118418 4.114080 4.115167 4.115039 4.117815 4.113041 4.115031 4.118737 4.118645 4.112867 4.115183 4.120192 4.114843 4.115460 4.112744 4.114080 4.112693 4.114080 4.114843 4.113639 4.112862 4.115657 4.113977 4.113165 4.114492 4.114139 4.114080 4.113919 4.113977 4.114139 4.114139 4.113837 4.113837 4.112583 4.113882 4.113837 4.113977 4.112190 4.117206 4.113041 4.112545 4.112693 4.113940 4.115460 4.115460 4.113718 4.112545 4.114521 4.114367 4.117188 4.120313 4.113529 4.118052 4.114080 4.118432 4.119040 4.115922 4.118581 4.114653 4.114219 4.120313 4.119125 4.117921 4.117698 4.112898 4.118938 4.115657 4.114249 4.117026 4.118878 4.118052 4.118396 4.112539 4.115298 4.112584 4.117930 4.115460 4.112583 4.114080 4.115460 4.117786 4.113258 4.117864 4.117623 4.118261 4.115694 4.118864 4.114440 4.113162 4.119544 4.117478 4.118335 4.117704 4.119606 4.115657 4.118108 4.115298 4.115694 4.115657 4.115100 4.115694 4.118117 4.117912 4.119021 4.118865 4.118228 4.113169 4.113381 4.115290 4.112667 4.112532 4.118931 4.118177 4.118117 4.119828 4.113926 4.115067 4.114491 4.114293 4.112403 4.112532 4.115090 4.113368 4.114491 4.113926 4.115495 4.114491 4.114440 4.111695 4.112532 4.114491 4.112243 4.114491 4.114087 4.113117 4.115795 4.113113 4.112532 4.113926 4.114293 4.112532 4.114491 4.112532 4.113926 4.113926 4.113926 4.114491 4.113926 4.113926 4.113494 4.113926 4.115246 4.115246 4.115274 4.111546 4.114491 4.113457 4.115408 4.112532 4.119123 4.118168 4.117460 4.115567 4.114388 4.117656 4.116555 4.118980 4.116031 4.117520 4.112403 4.117042 4.113039 4.115223 4.114559 4.117683 4.113296 4.115333 4.117725 4.114792 4.114388 4.117042 4.117257 4.117566 4.112680 4.117881 4.115420 4.115049 4.117731 4.114990 4.118168 4.112481 4.118103 4.112802 4.118931 4.112963 4.112885 4.112880 4.113238 4.115873 4.117744 4.116470 4.119588 4.113100 4.118112 4.117978 4.112115 4.119125 4.115333 4.117405 4.120552 4.117425 4.117238 4.115393 4.115530 4.115195 4.113347 4.116035 4.112680 4.115676 4.115814 4.116172 4.112442 4.114990 4.117489 4.118154 4.112885 4.119626 4.115448 4.116223 4.114990 4.117454 4.118902 4.118379 4.114754 4.114915 4.112224 4.112641 4.115187 4.113186 4.113186 4.112641 4.114915 4.112345 4.112802 4.112481 4.112680 4.112384 4.114915 4.112371 4.113186 4.111822 4.113948 4.113347 4.113347 4.113001 4.113186 4.112365 4.112185 4.114915 4.112023 4.117041 4.112641 4.112680 4.112686 4.115246 4.118552 4.116667 4.111822 4.118154 4.114792 4.112641 4.119670 4.114915 4.116334 4.117866 4.114695 4.112603 4.112994 4.114915 4.112680 4.111662 4.115113 4.105035 4.115697 4.116334 4.119862 4.112237 4.117992 4.112237 4.111695 4.111662 4.112802 4.118154 4.117848 4.115128 4.115393 4.112481 4.112237 4.117656 4.112680 4.112641 4.115172 4.112680 4.114359 4.112641 4.118349 4.119208 4.112481 4.112802 4.112641 4.115061 4.115049 4.119428 4.112442 4.117776 4.114000 4.118154 4.116207 4.115530 4.111203 4.118696 4.113846 4.115530 4.115530 4.118788 4.115566 4.118696 4.112185 4.111163 4.116752 4.111255 4.118349 4.118699 4.112442 4.114763 4.111203 4.112146 4.112898 4.112878 4.114044 4.111946 4.112146 4.111203 4.112146 4.112146 4.112185 4.115333 4.112898 4.111203 4.112898 4.112898 4.113758 4.112146 4.111420 4.112898 4.113073 4.112878 4.112146 4.111946 4.112146 4.112699 4.111901 4.112243 4.112898 4.111901 4.112146 4.112680 4.116335 4.114044 4.114198 4.118349 4.111895 4.115566 4.115727 4.112878 4.114160 4.115530 4.111002 4.118900 4.110795 4.115369 4.113648 4.112867 4.115369 4.112603 4.115369 4.115400 4.115530 4.111580 4.111490 4.115530 4.114000 4.114044 4.112043 4.113028 4.110594 4.111986 4.118186 4.112185 4.112648 4.113999 4.115148 4.117992 4.115668 4.117692 4.112282 4.111580 4.114915 4.111946 4.111986 4.113193 4.112185 4.111364 4.113470 4.111780 4.116547 4.111163 4.111928 4.111986 4.112146 4.112146 4.110979 4.114645 4.115787 4.111461 4.113193 4.118034 4.114154 4.113032 4.112693 4.117118 4.113883 4.113117 4.112648 4.113669 4.112185 4.111042 4.113669 4.113669 4.111203 4.111042 4.112243 4.112346 4.111203 4.113200 4.112442 4.112403 4.112442 4.113378 4.112146 4.111461 4.116189 4.113470 4.112358 4.113669 4.114959 4.113669 4.112442 4.114154 4.112442 4.113890 4.111967 4.113117 4.112648 4.116385 4.116972 4.116385 4.114557 4.115895 4.111203 4.113193 4.113117 4.111792 4.116582 4.116386 4.113470 4.118293 4.113052 4.117812 4.117505 4.116403 4.112693 4.113763 4.117420 4.113354 4.113470 4.111203 4.112185 4.112146 4.116385 4.113890 4.112346 4.116386 4.120258 4.116327 4.110996 4.111461 4.113032 4.113378 4.112216 4.116419 4.113669 4.112680 4.115468 4.113117 4.114088 4.112693 4.112693 4.111100 4.115408 4.116954 4.117329 4.115400 4.112693 4.116368 4.113765 4.117312 4.113655 4.113117 4.113032 4.112138 4.112790 4.112680 4.113890 4.112346 4.116207 4.112134 4.114168 4.116198 4.111404 4.112346 4.113655 4.113508 4.118099 4.112326 4.113309 4.112346 4.113303 4.111364 4.113655 4.113508 4.112346 4.112346 4.112532 4.113309 4.113655 4.111364 4.112326 4.113104 4.113216 4.112185 4.112384 4.112532 4.113104 4.111364 4.113508 4.113508 4.112680 4.112532 4.112532 4.113457 4.113032 4.113655 4.116539 4.114870 4.113032 4.115499 4.113303 4.113970 4.115302 4.118108 4.113303 4.114235 4.113443 4.113508 4.113457 4.114535 4.115779 4.113508 4.112301 4.112216 4.111404 4.112384 4.112994 4.113142 4.114286 4.117298 4.113508 4.113508 4.114286 4.114602 4.113655 4.116096 4.113077 4.116658 4.110114 4.112371 4.113142 4.122282 4.116230 4.115499 4.111300 4.113316 4.114893 4.117334 4.113576 4.115031 4.115176 4.114682 4.113583 4.113774 4.115176 4.113846 4.113751 4.113846 4.116147 4.116539 4.112064 4.114212 4.115187 4.110786 4.113648 4.112976 4.113559 4.113648 4.112873 4.113648 4.109381 4.113648 4.113648 4.113648 4.112719 4.113494 4.112719 4.112976 4.112082 4.113604 4.116098 4.115381 4.117107 4.116480 4.114418 4.116055 4.115097 4.114747 4.105065 4.105065 4.115569 4.114139 4.113993 4.114608 4.104491 4.113772 4.114739 4.114286 4.115373 4.111768 4.115169 4.115204 4.111910 4.114885 4.116226 4.113772 4.116717 4.114739 4.116429 4.114819 4.115776 4.114542 4.115698 4.114819 4.102775 4.113772 4.113772 4.113772 4.114739 4.104589 4.110722 4.113415 4.116768 4.114819 4.115773 4.113464 4.113772 4.115628 4.115776 4.102481 4.114476 4.115776 4.115580 4.104866 4.115580 4.113057 4.114819 4.117733 4.117415 4.114819 4.114476 4.110529 4.114819 4.113774 4.110015 4.115094 4.115510 4.116446 4.113217 4.116336 4.115255 4.119160 4.116940 4.113890 4.111458 4.113905 4.116090 4.114088 4.117391 4.116861 4.114877 4.119676 4.112346 4.114110 4.110524 4.115102 4.114972 4.120622 4.109712 4.115074 4.113690 4.112327 4.113942 4.116972 4.103279 4.114373 4.114293 4.109866 4.116972 4.115102 4.114928 4.115291 4.112873 4.110138 4.114673 4.111470 4.115747 4.114990 4.105193 4.114286 4.112487 4.108908 4.108749 4.116365 4.108969 4.113224 4.111333 4.115921 4.114542 4.117886 4.117459 4.113846 4.115023 4.114359 4.115385 4.115514 4.116801 4.116892 4.116277 4.116285 4.117269 4.115051 4.114394 4.113105 4.115462 4.114837 4.113133 4.113226 4.113102 4.113393 4.111223 4.113910 4.111489 4.111490 4.110695 4.112662 4.114328 4.113643 4.114055 4.112488 4.111540 4.113791 4.113170 4.110364 4.112069 4.111523 4.102757 4.111718 4.110045 4.112256 4.110991 4.110991 4.111992 4.110947 4.110891 4.112463 4.111335 4.111627 4.109916 4.109768 4.110362 4.102493 4.111144 4.110078 4.110680 4.110542 4.110283 4.109927 4.111278 4.111208 4.110447 4.110078 4.110702 4.114030 4.108302 4.104340 4.099865 4.100135 4.098234 4.099915 4.101633 4.102234 4.095568 4.086375 4.097024 4.108396 4.086213 4.108656 4.108553 4.107239 4.092192 4.099056 4.085300 4.086798 4.091535 4.061120 4.015161 4.018552 4.021230 4.023060 4.016705 4.014601 4.014940 4.008139 4.019060 4.000343 4.014906 4.018049 4.016332 4.000092 3.997097 3.998136 3.999213 4.011694 4.007314 3.998494 3.995712 3.979263 3.994715 3.995244 3.976286 3.972260 3.972664 4.000000 3.986765 4.060355 3.887931 3.961538 3.961538 3.997015 3.968519 4.003704 3.984444
140.0 4.277632 4.287562 4.251681 4.242085 4.240996 4.201961 4.190244 4.203988 4.201133 4.135382 4.155208 4.148877 4.156826 4.151134 4.151493 4.156263 4.149232 4.149307 4.154024 4.133104 4.132274 4.127521 4.125815 4.112565 4.114605 4.112401 4.120155 4.111797 4.112392 4.114343 4.105154 4.121465 4.108223 4.109194 4.105901 4.108917 4.105615 4.103570 4.115756 4.112531 4.104381 4.104703 4.105357 4.100499 4.100644 4.101103 4.100913 4.101256 4.107023 4.100494 4.099772 4.099658 4.100747 4.156631 4.157873 4.153329 4.071347 4.098552 4.119836 4.050550 4.073199 4.120317 4.050123 4.055834 4.048760 4.100249 4.103339 4.047695 4.091851 4.039462 4.034130 4.041632 4.036032 4.032272 4.028094 4.040176 4.020788 4.022080 4.020031 4.023030 4.023988 4.013988 4.046075 4.016465 4.018613 4.018217 4.031340 4.032274 4.020344 4.017257 4.014706 4.017219 4.020728 4.037913 4.039033 4.037976 4.032273 4.038341 4.030245 4.035650 4.033546 4.028076 4.037232 4.029660 4.035246 4.049841 4.039016 4.031435 4.027589 4.003714 4.011339 3.988091 3.982713 3.977647 3.980783 3.984272 3.987376 3.964612 3.979744 3.981155 3.995935 4.008475 4.019295 3.995309 4.021918 3.998351 3.960000 4.011555 4.075000 4.084859 4.122849
141.0 4.261304 4.244569 4.243396 4.232836 4.216667 4.221184 4.221033 4.212546 4.186275 4.190272 4.147500 4.199191 4.165505 4.172887 4.174737 4.165278 4.158503 4.157421 4.145301 4.143432 4.141800 4.182095 4.188615 4.186167 4.162422 4.130161 4.125011 4.141759 4.136612 4.132536 4.110615 4.135282 4.130380 4.153186 4.076789 4.100105 4.075556 4.116844 4.075163 4.090000 4.092234 4.123870 4.059427 4.050649 4.045570 4.069953 4.069210 4.066570 4.058100 4.054810 4.059615 4.065275 4.060799 4.048090 4.062308 4.053859 4.054696 4.056400 4.053773 4.054094 4.060443 4.070670 4.066838 4.065731 4.063871 4.064621 4.040258 4.065473 4.064872 4.065068 4.064676 4.065847 4.053474 4.049453 4.060284 4.056040 4.050447 4.061433 4.052947 4.046282 4.060829 4.040190 4.053512 4.061750 4.045194 4.049447 4.067393 4.037860 4.056633 4.041360 4.041970 4.041683 4.047841 4.039357 4.050476 4.040037 4.039690 4.052976 4.039050 4.052632 4.040019 4.039565 4.052007 4.046008 4.047149 4.043489 4.034590 4.045920 4.031272 4.040656 4.053255 4.046263 4.050293 4.037159 4.033930 4.022136 4.031629 4.042182 4.035675 4.031615 4.034000 4.017919 4.036243 4.041294 4.024442 4.025085 4.023633 4.030234 4.020493 4.022353 4.027251 4.026988 4.028207 4.023691 4.027109 4.019363 4.005498 4.010740 4.010903 4.006190 4.008925 4.002669 4.002035 4.008891 3.996280 4.005028 4.005298 4.016572 4.014490 3.999478 4.013716 3.998864 3.992465 4.008519 4.008117 3.992336 3.990704 4.008721 4.008918 3.995374 4.002732 4.013145 3.989444 3.992386 4.072998 4.091324 4.069000 3.996696 4.144720 4.145258 4.152941 4.161794 4.125947 4.168153 4.144874 4.156089 4.104595 4.162329 4.127626 4.161879 4.131403 4.141860 4.126037
142.0 4.191705 4.212648 4.073277 4.076429 4.062932 4.059486 4.051843 4.035337 4.056447 4.053109 4.038163 4.035511 4.016961 4.022212 4.016752 4.023388 4.024054 4.009571 4.015176 4.007892 4.024643 4.017630 4.009473 4.005689 4.007745 4.003740 4.020510 4.021148 4.010578 4.015050 4.000113 4.011364 4.014650 4.011646 4.012230 4.003543 3.988636 3.982920 4.010877 4.001918 3.990659 4.000248 4.015821 4.041040 4.003817 4.017509 4.045117 4.042428 4.034850 4.057500 4.059971 4.051182 4.053425 4.055276 4.078560 4.070968 4.102655 4.118717 4.136120 4.108766 4.100853 4.112039 4.124054 4.120060 4.119880 4.119096 4.095728 4.122688 4.122003 4.107943 4.101019 4.119368 4.128061 4.125279 4.158060 4.153049 4.158248 4.159883 4.157475 4.156788 4.157850 4.149438 4.151987 4.156958 4.156386 4.156761 4.156818 4.152422 4.167484 4.159107 4.158865 4.166063 4.166833 4.166048 4.164419 4.168089 4.162278 4.163118 4.165017 4.176581 4.172991 4.167130 4.169643 4.170217 4.171304 4.169643 4.163178 4.167921 4.166434 4.176736 4.159091 4.168421 4.158509 4.165741 4.171241 4.158714 4.168076 4.162200 4.159961 4.154938 4.168493 4.169462 4.165743 4.152434 4.153535 4.155061 4.149489 4.155605 4.155624 4.153374 4.151732 4.154371 4.151416 4.156109 4.155292 4.167139 4.171429 4.181898 4.172619 4.180778 4.170982 4.175369
143.0 3.994505 4.006386 4.013636 4.025979 4.015692 4.041667 4.041964 4.029636 4.028392 4.057461 4.025287 4.062449 4.055106 4.077509 4.049644 4.084631 4.052863 4.057074 4.063736 4.085537 4.120053 4.107706 4.123636 4.110772 4.156726 4.148233 4.154274 4.171236 4.165392 4.178240 4.164000 4.155650 4.143710 4.142084 4.159548 4.155622 4.150669 4.146731 4.160671 4.164965 4.171964 4.153438 4.160799 4.161576 4.163383 4.157643 4.163587 4.179264 4.192701 4.199748 4.183742 4.176832 4.178313 4.186652 4.177349
