130.0 144.0 27.5 42.5 1996-12-31
130.0 0.000006 0.000013 0.000015 0.000016 0.000010 0.000009 0.000010 0.000009 0.000009 0.000009 0.000009 0.000009 0.000010 0.000010 0.000010 0.000010 0.000010 0.000010 0.000009 0.000010 0.000010 0.000007 0.000010 0.000010 0.000010 0.000010 0.000010 0.000010 0.000010 0.000010 0.000010 0.000010 0.000010 0.000010 0.000010 0.000010 0.000010 0.000010 0.000010 0.000007 0.000010 0.000010 0.000009 0.000010 0.000010 0.000009 0.000009 0.000006
131.0 0.000010 0.000012 0.000013 0.000012 0.000013 0.000012 0.000012 0.000013 0.000013 0.000013 0.000013 0.000013 0.000012 0.000011 0.000008 0.000009 0.000003 0.000003 0.000002
132.0 0.000004 0.000011 0.000011 0.000011 0.000010 0.000010 0.000010 0.000010 0.000010 0.000010 0.000010 0.000010 0.000010 0.000010 0.000009
133.0 0.00001 0.00001
134.0 8.720819e-06 6.976655e-07
135.0 0.000012 0.000011 0.000012 0.000010 0.000012 0.000009 0.000008
136.0 0.000011 0.000010 0.000009 0.000006
137.0 0.000013 0.000009 0.000009 0.000010 0.000010 0.000009 0.000009 0.000009 0.000007 0.000006
138.0 0.000140 0.000140 0.000061 0.000037 0.000019 0.000016 0.000011 0.000017 0.000002 0.000002 0.000002
139.0 0.000006 0.000139 0.000142 0.000149 0.000147 0.000148 0.000148 0.000147 0.000147 0.000147 0.000148 0.000148 0.000147 0.000152 0.000151 0.000153 0.000151 0.000149 0.000149 0.000151 0.000150 0.000150 0.000150 0.000150 0.000150 0.000148 0.000147 0.000147 0.000149 0.000149 0.000149 0.000149 0.000149 0.000149 0.000150 0.000148 0.000147 0.000145 0.000149 0.000148 0.000146 0.000140 0.000148 0.000124 0.000037 0.000041 0.000038 0.000031 0.000027 0.000042 0.000022 0.000022 0.000041 0.000038 0.000026 0.000037 0.000037 0.000036 0.000036 0.000036 0.000036 0.000032 0.000031 0.000029 0.000029 0.000015 0.000015 0.000015 0.000003 0.000002 0.000002 0.000002 0.000002
140.0 0.000010 0.000011 0.000011 0.000011 0.000142 0.000014 0.000144 0.000071 0.000065 0.000043 0.000037 0.000037 0.000038 0.000038 0.000038 0.000038 0.000040 0.000039 0.000040 0.000038 0.000040 0.000050 0.000051 0.000053 0.000054 0.000043 0.000042 0.000043 0.000048 0.000058 0.000043 0.000055 0.000044 0.000054 0.000039 0.000052 0.000052 0.000052 0.000052 0.000049 0.000003
141.0 0.000009 0.000006 0.000011 0.000012 0.000013 0.000014 0.000011 0.000009 0.000035 0.000050 0.000052 0.000044 0.000049 0.000051 0.000052 0.000051 0.000050 0.000049 0.000048 0.000050 0.000051 0.000050 0.000050 0.000041 0.000035 0.000035 0.000026 0.000032 0.000024 0.000023 0.000014
142.0 0.000007 0.000018 0.000020 0.000024 0.000023 0.000016 0.000016 0.000016 0.000020 0.000020 0.000020 0.000023 0.000028 0.000031 0.000029 0.000027 0.000026 0.000027 0.000024 0.000018
143.0 0.000010 0.000009 0.000008
