130.0 144.0 27.5 42.5 1998-12-31
130.0 0.000004 0.000005 0.000007 0.000011 0.000013 0.000012 0.000013 0.000012 0.000013 0.000012 0.000013 0.000013 0.000012 0.000012 0.000013 0.000013 0.000014 0.000015 0.000011 0.000006 0.000005 0.000006 0.000006 0.000005 0.000005 0.000004 0.000003 0.000005 0.000005 0.000005 0.000005 0.000005
131.0 0.000011 0.000011 0.000012 0.000012 0.000012 0.000012 0.000012 0.000010 0.000011 0.000011 0.000012 0.000011 0.000012 0.000010 0.000009 0.000008 0.000006 0.000007 0.000007 0.000008 0.000002
132.0 0.000009 0.000008 0.000009 0.000009 0.000007 0.000008 0.000007 0.000008 0.000008 0.000008 0.000005
133.0 6.104573e-07 5.232491e-06 5.145283e-06 7.151071e-06
134.0 0.000008 0.000007 0.000009
135.0 0.000008 0.000010 0.000010 0.000009 0.000010 0.000010 0.000010 0.000010 0.000010 0.000010 0.000010 0.000011 0.000011 0.000010 0.000009 0.000009 0.000008 0.000006 0.000008 0.000009 0.000008 0.000005 0.000002 0.000002
136.0 0.000005 0.000011 0.000010 0.000011 0.000009 0.000009 0.000008 0.000008 0.000010 0.000011 0.000005 0.000007
137.0 8.720819e-07 1.412773e-05 1.482539e-05 1.465098e-05 8.197570e-06 8.546402e-06 7.674321e-06 7.151071e-06 8.371986e-06 6.889447e-06 6.715030e-06 1.081382e-05 7.674321e-06 1.011615e-05 7.238280e-06 8.982443e-06 8.982443e-06 8.110361e-06 5.842949e-06 8.546402e-06 8.720819e-08
138.0 9.592901e-07 8.720819e-07 4.011577e-06 1.252310e-04 5.232491e-06 1.287193e-04 1.145044e-04 1.362192e-04 1.428470e-04 1.283705e-04 7.499904e-06 8.023153e-06 8.110361e-06 1.281960e-05 1.194752e-05 8.895235e-06 8.546402e-06 8.459194e-06 8.459194e-06 8.720819e-06 1.203473e-05 1.718001e-05 1.909859e-05 1.482539e-06
139.0 0.000125 0.000133 0.000143 0.000143 0.000144 0.000144 0.000143 0.000143 0.000143 0.000143 0.000143 0.000143 0.000143 0.000145 0.000137 0.000138 0.000152 0.000141 0.000028 0.000019 0.000024 0.000018 0.000030 0.000031 0.000029 0.000030 0.000033 0.000026 0.000021 0.000019 0.000026 0.000024 0.000025 0.000024 0.000023 0.000019 0.000018 0.000013 0.000002 0.000002 0.000002 0.000001
140.0 0.000007 0.000008 0.000007 0.000010 0.000009 0.000009 0.000009 0.000010 0.000009 0.000140 0.000010 0.000131 0.000013 0.000018 0.000031 0.000023 0.000028 0.000024 0.000029 0.000030 0.000034 0.000034 0.000031 0.000032 0.000042 0.000041 0.000045 0.000041 0.000043 0.000034 0.000040 0.000049 0.000045 0.000042 0.000041 0.000034 0.000034 0.000041 0.000043 0.000032 0.000049 0.000041 0.000039 0.000038 0.000032 0.000046 0.000042 0.000044 0.000040 0.000045 0.000031 0.000029 0.000017 0.000010 0.000006 0.000012 0.000009 0.000007 0.000014 0.000015 0.000004
141.0 0.000008 0.000008 0.000011 0.000010 0.000006 0.000006 0.000005 0.000006 0.000009 0.000010 0.000008 0.000011 0.000011 0.000010 0.000011 0.000011 0.000010 0.000013 0.000012 0.000009 0.000019 0.000017 0.000019 0.000024 0.000026 0.000037 0.000019 0.000021 0.000019 0.000038 0.000043 0.000042 0.000041 0.000041 0.000036 0.000040 0.000042 0.000033 0.000041 0.000041 0.000040 0.000040 0.000041 0.000045 0.000030 0.000045 0.000043 0.000044 0.000048 0.000040 0.000040 0.000040 0.000045 0.000043 0.000044 0.000048 0.000048 0.000042 0.000048 0.000043 0.000041 0.000041 0.000044 0.000040 0.000040 0.000040 0.000039 0.000035 0.000033 0.000031 0.000032 0.000030 0.000032 0.000028 0.000029 0.000028 0.000025 0.000027 0.000025 0.000019 0.000015 0.000017 0.000016 0.000011 0.000018 0.000022 0.000014 0.000022
142.0 0.000006 0.000013 0.000016 0.000023 0.000035 0.000035 0.000034 0.000032 0.000030 0.000033 0.000034 0.000033 0.000029 0.000027 0.000029 0.000028 0.000026 0.000029 0.000027 0.000027 0.000023 0.000026 0.000024 0.000026 0.000026 0.000018 0.000024 0.000018 0.000024 0.000013 0.000018 0.000015 0.000013 0.000017 0.000015 0.000016 0.000016 0.000016 0.000015 0.000016 0.000013 0.000014 0.000017 0.000014 0.000018 0.000019 0.000020 0.000020 0.000019 0.000023 0.000025 0.000021 0.000027 0.000027 0.000026 0.000025 0.000023 0.000030 0.000023 0.000023 0.000023 0.000022 0.000023 0.000025 0.000025 0.000026 0.000024 0.000025 0.000023 0.000025 0.000025 0.000025 0.000025 0.000024 0.000025 0.000024 0.000022 0.000022 0.000022 0.000021 0.000020 0.000018
143.0 0.000012 0.000012 0.000010 0.000015 0.000013 0.000011 0.000011 0.000015 0.000012 0.000007 0.000015 0.000008 0.000013 0.000020 0.000017 0.000009 0.000021
