130.0 144.0 27.5 42.5 2002-12-30
130.0 2.354621e-06 2.877870e-06 2.529037e-06 3.313911e-06 3.052287e-06 3.401119e-06 4.011577e-06 4.709242e-06 5.581324e-06 5.668532e-06 5.668532e-06 6.104573e-06 5.668532e-06 6.802239e-06 6.976655e-06 6.976655e-06 7.499904e-06 6.889447e-06 7.499904e-06 6.802239e-06 6.802239e-06 5.930157e-06 6.889447e-06 6.889447e-06 6.889447e-06 6.889447e-06 6.802239e-06 6.889447e-06 7.499904e-06 7.238280e-06 7.412696e-06 6.627822e-06 8.982443e-06 6.889447e-06 8.546402e-06 7.238280e-06 7.412696e-06 7.151071e-06 6.889447e-06 7.412696e-06 7.063863e-06 7.238280e-06 8.110361e-06 5.668532e-06 8.459194e-06 6.976655e-06 5.406908e-06 6.366198e-06 6.104573e-06 1.569747e-06 1.656956e-06 1.831372e-06 1.744164e-06 2.180205e-06 1.569747e-06 2.005788e-06 1.220915e-06 9.592901e-07
131.0 2.965078e-06 3.401119e-06 3.488328e-06 3.488328e-06 3.488328e-06 2.790662e-06 2.354621e-06 3.052287e-06 2.703454e-06 2.965078e-06 2.703454e-06 2.877870e-06 4.011577e-06 3.924368e-06 4.622034e-06 2.267413e-06 2.441829e-06 1.831372e-06 2.092997e-06 8.720819e-08
132.0 2.616246e-06 2.354621e-06 2.616246e-06 1.395331e-06 9.592901e-07 3.924368e-06 2.703454e-06 1.395331e-06 2.354621e-06 2.703454e-06 2.441829e-06 2.616246e-06 2.441829e-06 1.220915e-06 1.220915e-06
133.0 1.046498e-06 6.104573e-07 1.220915e-06
134.0 0.000001 0.000001 0.000002 0.000001 0.000003 0.000001
135.0 8.720819e-07 3.575536e-06 2.877870e-06 2.790662e-06 3.139495e-06 3.662744e-06 2.441829e-06 3.052287e-06 3.401119e-06 4.098785e-06 3.662744e-06 2.703454e-06 2.267413e-06 2.441829e-06 1.918580e-06 1.918580e-06 2.877870e-06 1.133706e-06 1.220915e-06 5.232491e-07 8.720819e-08
136.0 0.000003 0.000012 0.000013 0.000008 0.000006 0.000005 0.000004 0.000004 0.000004 0.000003 0.000003 0.000003 0.000003 0.000003 0.000003 0.000004 0.000003 0.000003 0.000003 0.000003 0.000002
137.0 9.592901e-07 1.142427e-05 1.247077e-05 1.124986e-05 1.072661e-05 1.098823e-05 1.107544e-05 1.072661e-05 1.072661e-05 1.081382e-05 1.046498e-05 2.790662e-06 3.488328e-06 2.965078e-06 2.877870e-06 2.965078e-06 3.313911e-06 3.226703e-06 4.447618e-06 2.965078e-06 2.790662e-06 2.790662e-06 2.965078e-06 2.703454e-06 2.267413e-06 2.616246e-06 9.941733e-06 1.011615e-05 6.976655e-07
138.0 9.592901e-07 6.976655e-07 6.104573e-07 4.011577e-06 2.005788e-06 2.005788e-06 1.308123e-05 1.316844e-05 1.334285e-05 8.720819e-07 9.592901e-07
139.0 6.976655e-07 8.720819e-07 4.360409e-07 1.656956e-06 2.267413e-06 1.133706e-06 3.401119e-06 3.401119e-06 4.796450e-06 4.796450e-06 4.622034e-06 4.447618e-06 3.837160e-06 3.052287e-06 2.965078e-06 3.924368e-06 7.238280e-06 1.334285e-05 6.191781e-06 5.842949e-06 5.755740e-06 9.156860e-06 1.107544e-05 7.325488e-06 5.494116e-06 1.308123e-05 1.351727e-05 1.281960e-05 1.029057e-05 1.360448e-05 1.177311e-05 9.331276e-06 6.802239e-06 9.941733e-06 9.767317e-06 1.360448e-05 1.325564e-05 6.104573e-07 1.046498e-06 1.046498e-06 8.720819e-07 9.592901e-07
140.0 6.976655e-07 3.749952e-06 4.011577e-06 3.575536e-06 5.145283e-06 5.232491e-06 5.406908e-06 5.755740e-06 4.622034e-06 4.796450e-06 3.313911e-06 6.191781e-06 4.447618e-06 4.011577e-06 5.232491e-06 7.499904e-06 8.371986e-06 1.247077e-05 9.592901e-06 1.255798e-05 9.941733e-06 1.029057e-05 1.002894e-05 1.212194e-05 1.473818e-05 1.499981e-05 1.090102e-05 1.412773e-05 1.055219e-05 1.063940e-05 1.255798e-05 1.997068e-05 1.848814e-05 2.014509e-05 1.683118e-05 1.430214e-05 1.962184e-05 1.813930e-05 1.874976e-05 1.805209e-05 1.343006e-05 1.386610e-05 1.203473e-05 1.360448e-05 1.360448e-05 1.264519e-05 1.691839e-05 1.761605e-05 1.299402e-05 1.517422e-05 1.622072e-05 2.459271e-05 1.874976e-05 1.308123e-05 1.029057e-05 1.098823e-05 1.569747e-05 1.491260e-05 1.334285e-05 2.119159e-05 1.386610e-05 1.761605e-05 1.813930e-05 1.665676e-05 1.909859e-05 1.552306e-05 1.744164e-05 6.715030e-06 6.715030e-06 4.098785e-06 1.229635e-05 1.212194e-05 4.534826e-06 1.744164e-06 1.482539e-06 1.744164e-06 1.744164e-06 1.744164e-06 1.569747e-06
141.0 4.360409e-07 9.592901e-07 1.220915e-06 1.744164e-06 4.447618e-06 5.058075e-06 4.360409e-06 4.447618e-06 6.278990e-06 3.749952e-06 4.534826e-06 4.360409e-06 6.715030e-06 5.842949e-06 6.017365e-06 5.842949e-06 5.319699e-06 6.104573e-06 8.546402e-06 8.459194e-06 1.002894e-05 1.316844e-05 1.569747e-05 1.569747e-05 1.264519e-05 2.058113e-05 1.840093e-05 1.412773e-05 2.136601e-05 1.674397e-05 1.683118e-05 2.023230e-05 1.726722e-05 1.116265e-05 1.630793e-05 1.220915e-05 1.473818e-05 1.587189e-05 1.665676e-05 2.267413e-05 1.683118e-05 2.258692e-05 1.369169e-05 1.822651e-05 1.761605e-05 2.084276e-05 1.979626e-05 1.822651e-05 1.665676e-05 1.534864e-05 2.232530e-05 1.866255e-05 2.005788e-05 1.526143e-05 2.005788e-05 2.023230e-05 2.005788e-05 1.840093e-05 2.058113e-05 2.180205e-05 1.953463e-05 1.308123e-05 1.735443e-05 1.369169e-05 1.438935e-05 1.430214e-05 1.735443e-05 1.613351e-05 1.735443e-05 1.639514e-05 1.665676e-05 2.162763e-05 1.369169e-05 1.883697e-05 1.552306e-05 1.029057e-05 1.421493e-05 1.098823e-05 1.499981e-05 9.418484e-06 1.107544e-05 1.534864e-05 1.561027e-05 9.069652e-06 1.534864e-05 1.447656e-05 1.526143e-05 1.508702e-05 1.482539e-05 1.508702e-05 1.482539e-05 1.499981e-05 1.473818e-05 1.508702e-05 1.517422e-05 1.482539e-05 1.482539e-05 1.482539e-05 1.482539e-05 1.482539e-05 1.491260e-05 1.491260e-05 1.517422e-05 1.377889e-05 1.482539e-05 1.473818e-05 1.499981e-05 1.456377e-05 1.482539e-05 1.491260e-05 1.482539e-05 1.465098e-05 1.473818e-05 1.482539e-05 1.482539e-05 1.482539e-05 1.465098e-05 1.482539e-05 1.386610e-05 1.482539e-05 1.639514e-05 1.526143e-05 1.622072e-05 1.552306e-05 1.622072e-05 1.569747e-05 1.578468e-05 1.465098e-05 1.569747e-05 1.526143e-05 1.561027e-05 1.526143e-05 1.569747e-05 1.587189e-05 1.491260e-05 1.517422e-05 1.526143e-05 1.561027e-05 1.561027e-05 1.543585e-05 1.517422e-05 1.552306e-05 1.561027e-05 1.543585e-05 1.561027e-05 1.569747e-05 1.499981e-05 1.569747e-05 1.569747e-05 1.421493e-05 1.534864e-05 1.543585e-05 1.534864e-05 1.569747e-05 1.543585e-05 1.639514e-05 1.552306e-05 1.744164e-05 1.648235e-05 1.552306e-05 1.622072e-05 1.613351e-05 1.578468e-05 1.595910e-05 1.613351e-05 1.630793e-05 1.561027e-05 1.517422e-05 1.578468e-05 1.595910e-05 1.613351e-05 1.587189e-05 1.639514e-05 1.622072e-05 1.578468e-05 1.622072e-05 1.587189e-05 1.648235e-05 1.630793e-05 1.639514e-05 1.595910e-05 1.622072e-05 1.622072e-05 1.569747e-05 1.622072e-05 1.578468e-05 1.604631e-05 1.578468e-05 7.238280e-06 7.151071e-06 5.058075e-06 3.924368e-06 5.145283e-06 4.883659e-06 6.191781e-06 6.627822e-06 1.124986e-05 7.063863e-06 1.124986e-05 6.453406e-06 1.482539e-06
142.0 1.918580e-06 2.616246e-06 2.965078e-06 3.139495e-06 3.052287e-06 3.052287e-06 2.965078e-06 3.052287e-06 2.965078e-06 3.139495e-06 2.877870e-06 3.052287e-06 2.965078e-06 3.139495e-06 3.313911e-06 3.052287e-06 2.790662e-06 1.046498e-06 2.529037e-06 2.441829e-06 2.965078e-06 1.395331e-06 1.133706e-06 4.011577e-06 6.976655e-07 7.848737e-07 9.592901e-07 1.569747e-06 1.744164e-06 1.578468e-05 1.526143e-05 1.037777e-05 5.145283e-06 1.229635e-05 1.552306e-05 1.116265e-05 1.360448e-05 1.194752e-05 1.805209e-05 1.561027e-05 1.595910e-05 1.360448e-05 1.098823e-05 7.151071e-06 8.197570e-06 7.412696e-06 8.633611e-06 8.982443e-06 8.023153e-06 7.499904e-06 7.587112e-06 1.151148e-05 9.592901e-06 1.011615e-05 1.063940e-05 1.177311e-05 1.020336e-05 1.002894e-05 1.081382e-05 9.244068e-06 9.941733e-06 8.895235e-06 1.630793e-05 8.459194e-06 9.418484e-06 9.418484e-06 8.371986e-06 1.656956e-05 9.767317e-06 1.979626e-05 8.982443e-06 1.997068e-05 1.909859e-05 1.909859e-05 1.735443e-05 1.595910e-05 1.700560e-05 1.351727e-05 1.770326e-05 1.447656e-05 1.290681e-05 1.186031e-05 9.244068e-06 9.156860e-06 4.883659e-06 6.278990e-06 6.802239e-06 5.494116e-06 5.930157e-06 6.278990e-06 6.802239e-06 7.499904e-06 9.767317e-06 9.592901e-06 1.177311e-05 1.168590e-05 1.290681e-05 1.203473e-05 9.505692e-06 8.546402e-06 9.418484e-06 1.081382e-05 1.229635e-05 1.029057e-05 8.720819e-06 8.808027e-06 8.284778e-06 1.561027e-05 1.177311e-05 1.308123e-05 9.592901e-06 1.386610e-05 1.212194e-05 1.343006e-05 1.343006e-05 1.063940e-05 1.377889e-05 1.212194e-05 9.854525e-06 1.360448e-05 1.220915e-05 1.037777e-05 1.325564e-05 1.098823e-05 1.002894e-05 1.037777e-05 1.142427e-05 1.133706e-05 1.029057e-05 9.592901e-06 1.133706e-05 8.546402e-06 1.029057e-05 1.046498e-05
143.0 2.616246e-06 4.360409e-07 7.063863e-06 6.366198e-06 7.238280e-06 7.325488e-06 7.499904e-06 6.976655e-06 7.674321e-06 7.325488e-06 6.453406e-06 6.017365e-06 7.935945e-06 7.848737e-06 6.104573e-06 6.540614e-06 6.278990e-06 6.453406e-06 7.935945e-06 6.889447e-06 6.278990e-06 7.151071e-06 7.587112e-06 7.063863e-06 5.930157e-06 6.540614e-06 5.930157e-06 8.110361e-06 8.197570e-06 6.017365e-06 5.581324e-06 5.668532e-06 6.976655e-06 6.453406e-06 7.412696e-06 7.499904e-06 6.802239e-06 7.238280e-06 4.185993e-06 3.749952e-06 2.790662e-06 2.965078e-06 3.052287e-06 3.139495e-06 2.965078e-06 4.360409e-06 4.447618e-06 3.139495e-06 7.238280e-06 7.063863e-06 7.063863e-06 7.325488e-06 6.540614e-06 1.037777e-05 6.278990e-06 6.540614e-06 5.842949e-06 1.456377e-05 1.081382e-05 7.587112e-06 8.808027e-06 1.072661e-05 8.546402e-06 9.156860e-06 1.037777e-05 1.630793e-05 8.197570e-06 1.665676e-05 1.107544e-05 7.412696e-06 7.063863e-06 1.220915e-05 7.935945e-06 7.325488e-06 6.976655e-06 1.081382e-05 1.037777e-05 7.412696e-06 1.255798e-05 1.002894e-05 1.212194e-05 7.063863e-06 9.767317e-06 1.247077e-05 1.177311e-05 6.540614e-06 1.020336e-05 8.982443e-06 5.755740e-06 6.104573e-06 6.976655e-06
