130.0 144.0 27.5 42.5 2000-12-30
130.0 3.575536e-06 3.662744e-06 3.924368e-06 4.011577e-06 4.011577e-06 4.011577e-06 4.098785e-06 9.505692e-06 1.055219e-05 1.116265e-05 1.020336e-05 1.020336e-05 1.029057e-05 9.592901e-06 9.767317e-06 9.418484e-06 1.029057e-05 1.037777e-05 1.151148e-05 1.273240e-05 1.308123e-05 1.220915e-05 1.203473e-05 9.854525e-06 1.029057e-05 1.116265e-05 1.020336e-05 8.459194e-06 5.581324e-06 3.662744e-06 2.965078e-06 4.360409e-07
131.0 9.680109e-06 1.020336e-05 8.982443e-06 9.331276e-06 9.680109e-06 8.982443e-06 9.244068e-06 9.069652e-06 8.895235e-06 8.371986e-06 8.371986e-06 8.546402e-06 8.808027e-06 8.371986e-06 8.633611e-06 9.244068e-06 8.371986e-06 8.546402e-06 8.633611e-06 8.633611e-06 9.505692e-06 9.680109e-06 8.720819e-06 9.156860e-06 8.110361e-06 7.587112e-06 7.412696e-06 7.848737e-06 7.761529e-06 8.284778e-06 7.238280e-06 7.151071e-06 7.238280e-06 8.895235e-06 8.459194e-06 8.895235e-06 7.761529e-06 7.848737e-06 8.895235e-06 9.069652e-06 8.982443e-06 9.069652e-06 9.069652e-06 9.069652e-06 7.587112e-06 8.197570e-06 7.935945e-06 5.930157e-06 8.633611e-06 7.674321e-06 6.889447e-06 5.494116e-06 4.622034e-06 3.488328e-07 3.488328e-07
132.0 0.000002 0.000004 0.000002 0.000007 0.000007 0.000006 0.000007 0.000007 0.000006 0.000005 0.000007 0.000006 0.000007 0.000007 0.000005 0.000007 0.000007 0.000007 0.000006 0.000007 0.000006 0.000007 0.000006 0.000006 0.000005 0.000005 0.000005 0.000005 0.000005 0.000005 0.000005 0.000005 0.000005 0.000005 0.000005 0.000005 0.000005 0.000005 0.000009 0.000009
133.0 0.000005 0.000010 0.000009 0.000009 0.000006 0.000009 0.000003 0.000009 0.000009 0.000009 0.000009
134.0 1.744164e-07 4.970867e-06 7.151071e-06 6.191781e-06 6.540614e-06 6.627822e-06 6.191781e-06 6.017365e-06 5.755740e-06 5.406908e-06 5.494116e-06 5.494116e-06 5.406908e-06 5.406908e-06 5.406908e-06 5.494116e-06 5.406908e-06 5.406908e-06 5.406908e-06 5.494116e-06 5.930157e-06 5.494116e-06 5.406908e-06 5.406908e-06 5.494116e-06 5.406908e-06 5.494116e-06 5.494116e-06 5.406908e-06 5.494116e-06 5.494116e-06 5.406908e-06 5.406908e-06 5.494116e-06 5.494116e-06 5.494116e-06 5.494116e-06 5.494116e-06 5.406908e-06 5.494116e-06 5.494116e-06 6.017365e-06 5.406908e-06 5.406908e-06 5.406908e-06 5.406908e-06 5.406908e-06 5.406908e-06 5.406908e-06 5.494116e-06 5.406908e-06 5.406908e-06 5.755740e-06 5.406908e-06 5.406908e-06 5.406908e-06 5.406908e-06
135.0 0.000006 0.000005 0.000007 0.000007 0.000007 0.000006 0.000006 0.000008 0.000006 0.000006 0.000008 0.000006 0.000008 0.000005 0.000004 0.000003 0.000004 0.000004 0.000004 0.000003 0.000002 0.000002
136.0 0.000012 0.000010 0.000007 0.000006 0.000005 0.000006 0.000007 0.000003 0.000002
137.0 5.232491e-07 1.308123e-06 1.238356e-05 9.680109e-06 1.325564e-05 1.369169e-05 1.072661e-05 5.406908e-06 6.017365e-06 5.842949e-06 6.976655e-06 5.668532e-06 6.976655e-06 4.970867e-06 4.796450e-06 4.360409e-06 4.709242e-06 4.360409e-06 4.011577e-06 4.447618e-06 4.447618e-06 1.255798e-05
138.0 0.000004 0.000005 0.000004 0.000005 0.000005 0.000005 0.000005 0.000005 0.000006 0.000008 0.000004 0.000007 0.000014 0.000017 0.000017 0.000016 0.000016 0.000016 0.000017 0.000017
139.0 5.232491e-06 4.883659e-06 5.581324e-06 3.924368e-06 3.924368e-06 4.098785e-06 4.011577e-06 5.232491e-06 4.534826e-06 4.534826e-06 4.273201e-06 4.622034e-06 4.622034e-06 4.273201e-06 4.273201e-06 4.360409e-06 4.534826e-06 4.360409e-06 4.360409e-06 4.360409e-06 4.360409e-06 4.360409e-06 4.709242e-06 4.447618e-06 4.534826e-06 4.796450e-06 4.796450e-06 4.970867e-06 5.494116e-06 6.017365e-06 6.104573e-06 6.627822e-06 1.344750e-04 9.244068e-06 7.927224e-05 7.848737e-06 1.356959e-04 5.851669e-05 1.344750e-04 1.344750e-04 1.354343e-04 1.251437e-04 1.341262e-04 2.058113e-05 6.453406e-06 1.340390e-04 1.340390e-04 1.345622e-04 5.842949e-06 1.370913e-04 2.433108e-05 1.371785e-04 5.528999e-05 1.398819e-04 1.491260e-05 1.936022e-05 1.308123e-05 1.194752e-05 1.892418e-05 1.377889e-05 1.159869e-05 2.075555e-05 2.206367e-05 2.075555e-05 2.302296e-05 1.936022e-05 2.197646e-05 1.936022e-05 1.936022e-05 1.796489e-05 2.110438e-05 2.066834e-05 2.092997e-05 2.066834e-05 2.066834e-05 2.127880e-05 1.997068e-05 1.805209e-05 1.552306e-05 1.386610e-05 1.395331e-06 8.720819e-07
140.0 0.000007 0.000007 0.000007 0.000007 0.000006 0.000136 0.000133 0.000012 0.000014 0.000015 0.000014 0.000015 0.000022 0.000023 0.000022 0.000021 0.000021 0.000025 0.000021 0.000020 0.000020 0.000029 0.000022 0.000034 0.000026 0.000032 0.000030 0.000035 0.000033 0.000028 0.000034 0.000026 0.000022 0.000025 0.000023 0.000033 0.000028 0.000031 0.000033 0.000025 0.000039 0.000032 0.000028 0.000023 0.000024 0.000034 0.000030 0.000023 0.000030 0.000032 0.000030 0.000031 0.000032 0.000031 0.000029 0.000030 0.000017 0.000011 0.000015 0.000016 0.000008 0.000010 0.000003
141.0 0.000007 0.000007 0.000009 0.000009 0.000008 0.000008 0.000007 0.000007 0.000007 0.000007 0.000007 0.000007 0.000015 0.000016 0.000021 0.000027 0.000032 0.000033 0.000031 0.000031 0.000029 0.000032 0.000033 0.000034 0.000027 0.000033 0.000030 0.000031 0.000036 0.000033 0.000032 0.000031 0.000030 0.000034 0.000034 0.000029 0.000032 0.000032 0.000029 0.000030 0.000031 0.000029 0.000034 0.000029 0.000034 0.000034 0.000031 0.000035 0.000032 0.000032 0.000033 0.000032 0.000031 0.000031 0.000032 0.000026 0.000028 0.000029 0.000029 0.000026 0.000024 0.000024 0.000023 0.000025 0.000024 0.000019 0.000022 0.000021 0.000023 0.000022 0.000025 0.000014 0.000025 0.000017 0.000020 0.000011 0.000016 0.000012 0.000009 0.000011 0.000012 0.000016 0.000015
142.0 0.000003 0.000005 0.000005 0.000005 0.000029 0.000026 0.000027 0.000027 0.000025 0.000028 0.000027 0.000021 0.000019 0.000022 0.000025 0.000025 0.000025 0.000025 0.000024 0.000025 0.000015 0.000015 0.000021 0.000021 0.000018 0.000021 0.000020 0.000019 0.000020 0.000019 0.000014 0.000019 0.000018 0.000024 0.000015 0.000019 0.000022 0.000023 0.000014 0.000021 0.000022 0.000018 0.000017 0.000018 0.000015 0.000016 0.000016 0.000012 0.000013 0.000011 0.000009 0.000009 0.000009 0.000010 0.000010 0.000011 0.000012 0.000013 0.000014 0.000014 0.000015 0.000015 0.000015 0.000017 0.000018 0.000017 0.000018 0.000018 0.000017 0.000018 0.000018 0.000024 0.000022 0.000018 0.000020 0.000021 0.000018 0.000020 0.000018 0.000018 0.000018 0.000020 0.000018 0.000017 0.000019 0.000020 0.000018 0.000018 0.000017 0.000018 0.000019 0.000017 0.000017 0.000013 0.000015 0.000013
143.0 0.000010 0.000006 0.000006 0.000007 0.000006 0.000006 0.000007 0.000006 0.000006 0.000007 0.000008 0.000004 0.000007 0.000007 0.000004 0.000005 0.000009 0.000007 0.000007 0.000008 0.000005 0.000010 0.000017 0.000013
