130.0 144.0 27.5 42.5 1997-12-31
130.0 0.000005 0.000014 0.000014 0.000016 0.000016 0.000016 0.000016 0.000016 0.000007 0.000007 0.000007 0.000007 0.000007 0.000005 0.000008 0.000009 0.000005 0.000006 0.000004
131.0 0.000011 0.000012 0.000011 0.000012 0.000011 0.000012 0.000012 0.000012 0.000012 0.000012 0.000012 0.000012 0.000013 0.000017 0.000011 0.000011 0.000011 0.000009 0.000008
132.0 0.000011 0.000009 0.000009 0.000008 0.000010 0.000010
133.0 0.000007 0.000003 0.000005
134.0 0.000002 0.000008 0.000004
135.0 0.000009 0.000010 0.000009 0.000010 0.000010 0.000012 0.000012 0.000012 0.000012 0.000012 0.000013 0.000010 0.000011 0.000005
136.0 0.000012 0.000013 0.000010 0.000012 0.000011 0.000012 0.000012 0.000012 0.000012 0.000010 0.000011 0.000011 0.000011 0.000011 0.000011 0.000011 0.000011 0.000009 0.000009 0.000007
137.0 0.000013 0.000013 0.000009 0.000010 0.000010 0.000010 0.000011 0.000012 0.000010 0.000008 0.000009 0.000008 0.000008 0.000008 0.000008 0.000009 0.000008 0.000009 0.000009 0.000008 0.000008 0.000009 0.000009 0.000008 0.000008 0.000008 0.000008 0.000008 0.000008 0.000009 0.000008 0.000010 0.000008 0.000009 0.000009 0.000009 0.000009 0.000009 0.000009 0.000009 0.000009 0.000010 0.000002 0.000002 0.000002
138.0 7.848737e-07 6.540614e-06 9.209185e-05 7.499904e-06 1.382250e-04 1.543585e-05 1.299402e-05 1.351727e-05 1.325564e-05 1.508702e-05 1.491260e-05 1.918580e-05 1.918580e-05 1.700560e-05 1.752885e-05 1.726722e-05 1.569747e-06 2.005788e-06
139.0 0.000139 0.000143 0.000144 0.000145 0.000147 0.000145 0.000145 0.000145 0.000145 0.000145 0.000145 0.000145 0.000148 0.000145 0.000154 0.000149 0.000148 0.000149 0.000149 0.000148 0.000148 0.000148 0.000149 0.000149 0.000147 0.000149 0.000149 0.000148 0.000148 0.000148 0.000149 0.000147 0.000149 0.000148 0.000148 0.000148 0.000148 0.000148 0.000148 0.000148 0.000148 0.000148 0.000148 0.000148 0.000148 0.000148 0.000148 0.000147 0.000065 0.000147 0.000148 0.000148 0.000148 0.000147 0.000145 0.000146 0.000146 0.000053 0.000147 0.000147 0.000147 0.000147 0.000146 0.000146 0.000147 0.000147 0.000142 0.000147 0.000049 0.000147 0.000147 0.000143 0.000127 0.000034 0.000033 0.000026 0.000025 0.000035 0.000034 0.000035 0.000032 0.000033 0.000034 0.000023 0.000026 0.000025 0.000019 0.000016 0.000015 0.000001 0.000002
140.0 0.000006 0.000007 0.000007 0.000009 0.000008 0.000010 0.000012 0.000010 0.000011 0.000010 0.000010 0.000011 0.000130 0.000135 0.000025 0.000134 0.000016 0.000016 0.000017 0.000151 0.000036 0.000028 0.000034 0.000036 0.000038 0.000035 0.000038 0.000040 0.000037 0.000036 0.000041 0.000035 0.000034 0.000039 0.000034 0.000034 0.000034 0.000034 0.000035 0.000048 0.000048 0.000048 0.000042 0.000038 0.000050 0.000038 0.000053 0.000050 0.000047 0.000039 0.000040 0.000054 0.000038 0.000052 0.000048 0.000049 0.000047 0.000049 0.000050 0.000049 0.000045 0.000040 0.000035 0.000036 0.000027 0.000014 0.000014 0.000008 0.000013 0.000012 0.000014 0.000004 0.000004 0.000003 0.000002
141.0 0.000006 0.000010 0.000011 0.000009 0.000011 0.000012 0.000013 0.000013 0.000011 0.000010 0.000009 0.000013 0.000013 0.000014 0.000020 0.000013 0.000023 0.000024 0.000030 0.000036 0.000044 0.000027 0.000044 0.000051 0.000044 0.000043 0.000036 0.000046 0.000046 0.000036 0.000050 0.000042 0.000050 0.000043 0.000049 0.000050 0.000043 0.000041 0.000045 0.000049 0.000052 0.000045 0.000052 0.000052 0.000048 0.000050 0.000049 0.000051 0.000050 0.000047 0.000047 0.000050 0.000048 0.000049 0.000049 0.000050 0.000049 0.000050 0.000046 0.000046 0.000047 0.000045 0.000039 0.000044 0.000046 0.000044 0.000043 0.000043 0.000040 0.000039 0.000038 0.000036 0.000035 0.000035 0.000031 0.000029 0.000031 0.000028 0.000030 0.000028 0.000029 0.000026 0.000027 0.000015 0.000019 0.000014 0.000025 0.000018 0.000009
142.0 0.000016 0.000026 0.000023 0.000032 0.000027 0.000029 0.000044 0.000041 0.000040 0.000037 0.000036 0.000022 0.000034 0.000036 0.000035 0.000019 0.000020 0.000034 0.000022 0.000019 0.000019 0.000026 0.000020 0.000021 0.000024 0.000030 0.000030 0.000028 0.000028 0.000024 0.000030 0.000026 0.000018 0.000022 0.000021 0.000020 0.000017 0.000016 0.000017 0.000017 0.000018 0.000016 0.000019 0.000015 0.000015 0.000019 0.000020 0.000022 0.000028 0.000024 0.000031 0.000025 0.000024 0.000031 0.000024 0.000027 0.000026 0.000029 0.000026 0.000026 0.000021 0.000018
143.0 0.000017 0.000018 0.000018 0.000011 0.000010 0.000009 0.000010 0.000010 0.000010 0.000010 0.000011 0.000010 0.000014 0.000011 0.000014 0.000010 0.000010 0.000010 0.000010 0.000010 0.000012 0.000011 0.000011 0.000012 0.000013 0.000014 0.000012 0.000013 0.000014 0.000014 0.000014 0.000015 0.000009 0.000009 0.000009 0.000014 0.000018 0.000021 0.000012 0.000019 0.000022 0.000022 0.000021 0.000021 0.000021 0.000019
