130.0 144.0 27.5 42.5 1999-12-31
130.0 3.052287e-06 4.011577e-06 4.360409e-06 4.360409e-06 1.037777e-05 1.177311e-05 1.264519e-05 1.055219e-05 1.055219e-05 1.212194e-05 1.029057e-05 1.203473e-05 1.430214e-05 1.343006e-05 9.767317e-06 1.186031e-05 8.895235e-06 9.767317e-06 3.401119e-06 3.052287e-06 4.360409e-06 3.924368e-06 3.575536e-06 4.622034e-06 4.709242e-06 4.709242e-06 4.709242e-06 4.709242e-06 4.622034e-06 4.360409e-06 4.622034e-06 4.360409e-06 4.534826e-06 4.273201e-06 4.011577e-06 4.273201e-06 4.273201e-06 2.616246e-07
131.0 0.000009 0.000009 0.000010 0.000009 0.000010 0.000009 0.000011 0.000009 0.000009 0.000009 0.000009 0.000010 0.000009 0.000010 0.000010 0.000010 0.000009 0.000009 0.000008 0.000008 0.000007 0.000007 0.000007 0.000007 0.000004
132.0 0.000002 0.000010 0.000008 0.000008 0.000009 0.000008 0.000008 0.000008 0.000008 0.000008 0.000008 0.000008 0.000007 0.000008 0.000007 0.000007 0.000008 0.000008 0.000007 0.000007 0.000007 0.000007 0.000007 0.000004
133.0 1.395331e-06 4.360409e-07 1.918580e-06 2.790662e-06 2.616246e-06 4.622034e-06 4.011577e-06 9.418484e-06 9.505692e-06 9.418484e-06 9.418484e-06 9.331276e-06 9.505692e-06 9.505692e-06 9.505692e-06 9.505692e-06 9.418484e-06 9.331276e-06 9.331276e-06 9.331276e-06 9.331276e-06 9.331276e-06 9.331276e-06 9.331276e-06 9.331276e-06 9.331276e-06 9.331276e-06 9.331276e-06 9.331276e-06 9.331276e-06 9.331276e-06 9.331276e-06 9.331276e-06 9.331276e-06 9.331276e-06 9.331276e-06 9.331276e-06 9.331276e-06 9.331276e-06 9.331276e-06 9.331276e-06 9.331276e-06 9.331276e-06 9.331276e-06 9.331276e-06 9.331276e-06 9.331276e-06 9.331276e-06 9.331276e-06 9.331276e-06 9.331276e-06 9.331276e-06 9.331276e-06 9.331276e-06 9.331276e-06 9.331276e-06 9.331276e-06 1.002894e-05 9.331276e-06 9.331276e-06 9.331276e-06 9.331276e-06 9.331276e-06 9.331276e-06 9.331276e-06 9.331276e-06 9.331276e-06 9.331276e-06 9.331276e-06 9.331276e-06 9.331276e-06 9.331276e-06 9.331276e-06 9.331276e-06 9.331276e-06 9.331276e-06 9.331276e-06 9.331276e-06 9.331276e-06 9.331276e-06 9.331276e-06 9.331276e-06 9.331276e-06 9.331276e-06 9.331276e-06 9.331276e-06 9.331276e-06
134.0 0.000006 0.000005 0.000005 0.000008 0.000007 0.000009 0.000008 0.000006 0.000009 0.000007 0.000008 0.000001
135.0 0.000008 0.000007 0.000008 0.000009 0.000007 0.000008 0.000009 0.000008 0.000009 0.000008 0.000008 0.000009 0.000008 0.000006 0.000006 0.000006 0.000006 0.000006 0.000005 0.000006 0.000004 0.000002 0.000002 0.000002 0.000002 0.000002 0.000002 0.000002 0.000002
136.0 4.447618e-06 6.889447e-06 7.325488e-06 5.930157e-06 7.151071e-06 5.058075e-06 5.232491e-07 1.569747e-06
137.0 6.104573e-07 1.020336e-05 1.351727e-05 9.767317e-06 8.371986e-06 8.633611e-06 8.895235e-06 7.412696e-06 6.366198e-06 8.023153e-06 7.848737e-06 7.238280e-06 5.232491e-06 8.459194e-06 9.592901e-06 6.191781e-06 6.366198e-06 5.232491e-06
138.0 0.000006 0.000008 0.000008 0.000006 0.000006 0.000011 0.000008 0.000007 0.000006 0.000011 0.000018 0.000018 0.000017 0.000017 0.000017 0.000017 0.000016 0.000002 0.000002 0.000002
139.0 0.000089 0.000129 0.000133 0.000137 0.000136 0.000136 0.000136 0.000136 0.000136 0.000137 0.000137 0.000137 0.000137 0.000137 0.000137 0.000137 0.000137 0.000136 0.000137 0.000136 0.000136 0.000137 0.000137 0.000137 0.000137 0.000137 0.000137 0.000137 0.000137 0.000137 0.000137 0.000137 0.000137 0.000137 0.000137 0.000137 0.000137 0.000137 0.000137 0.000137 0.000137 0.000137 0.000137 0.000137 0.000137 0.000137 0.000137 0.000137 0.000137 0.000137 0.000137 0.000137 0.000137 0.000137 0.000137 0.000137 0.000137 0.000137 0.000137 0.000137 0.000137 0.000137 0.000137 0.000137 0.000137 0.000137 0.000137 0.000137 0.000137 0.000137 0.000137 0.000137 0.000137 0.000137 0.000137 0.000137 0.000137 0.000137 0.000137 0.000137 0.000137 0.000137 0.000137 0.000137 0.000137 0.000137 0.000137 0.000137 0.000137 0.000137 0.000137 0.000137 0.000137 0.000137 0.000137 0.000137 0.000137 0.000137 0.000137 0.000137 0.000137 0.000137 0.000137 0.000137 0.000137 0.000137 0.000137 0.000137 0.000137 0.000137 0.000137 0.000137 0.000137 0.000137 0.000137 0.000137 0.000137 0.000137 0.000137 0.000137 0.000137 0.000137 0.000137 0.000137 0.000137 0.000137 0.000137 0.000137 0.000137 0.000137 0.000137 0.000137 0.000137 0.000137 0.000137 0.000137 0.000136 0.000137 0.000137 0.000136 0.000136 0.000136 0.000137 0.000137 0.000137 0.000137 0.000137 0.000136 0.000137 0.000137 0.000137 0.000137 0.000137 0.000136 0.000137 0.000137 0.000137 0.000137 0.000137 0.000137 0.000137 0.000137 0.000137 0.000137 0.000136 0.000137 0.000137 0.000137 0.000137 0.000137 0.000137 0.000137 0.000136 0.000137 0.000137 0.000137 0.000136 0.000137 0.000136 0.000137 0.000137 0.000137 0.000136 0.000137 0.000137 0.000137 0.000137 0.000137 0.000137 0.000137 0.000137 0.000137 0.000137 0.000137 0.000137 0.000137 0.000136 0.000136 0.000137 0.000137 0.000136 0.000137 0.000137 0.000137 0.000136 0.000137 0.000137 0.000137 0.000137 0.000137 0.000137 0.000137 0.000137 0.000136 0.000137 0.000137 0.000137 0.000137 0.000136 0.000137 0.000137 0.000137 0.000137 0.000137 0.000137 0.000137 0.000137 0.000136 0.000136 0.000136 0.000137 0.000136 0.000136 0.000137 0.000137 0.000137 0.000137 0.000136 0.000137 0.000137 0.000137 0.000137 0.000137 0.000136 0.000137 0.000136 0.000136 0.000137 0.000136 0.000137 0.000136 0.000137 0.000137 0.000137 0.000136 0.000137 0.000137 0.000136 0.000137 0.000137 0.000137 0.000137 0.000137 0.000137 0.000136 0.000136 0.000137 0.000137 0.000137 0.000137 0.000137 0.000137 0.000137 0.000137 0.000137 0.000137 0.000137 0.000137 0.000137 0.000137 0.000137 0.000137 0.000137 0.000137 0.000137 0.000137 0.000137 0.000137 0.000137 0.000137 0.000137 0.000137 0.000137 0.000137 0.000137 0.000136 0.000137 0.000137 0.000136 0.000137 0.000137 0.000137 0.000137 0.000137 0.000136 0.000136 0.000136 0.000137 0.000136 0.000136 0.000136 0.000136 0.000137 0.000137 0.000137 0.000136 0.000136 0.000136 0.000137 0.000136 0.000137 0.000136 0.000136 0.000136 0.000137 0.000136 0.000137 0.000137 0.000137 0.000137 0.000137 0.000137 0.000137 0.000137 0.000137 0.000137 0.000137 0.000137 0.000137 0.000136 0.000137 0.000137 0.000137 0.000137 0.000137 0.000137 0.000137 0.000136 0.000136 0.000137 0.000137 0.000137 0.000137 0.000137 0.000137 0.000137 0.000137 0.000137 0.000137 0.000137 0.000137 0.000136 0.000137 0.000137 0.000137 0.000137 0.000137 0.000137 0.000137 0.000136 0.000137 0.000136 0.000137 0.000136 0.000137 0.000137 0.000137 0.000136 0.000137 0.000137 0.000137 0.000137 0.000136 0.000137 0.000137 0.000136 0.000136 0.000136 0.000137 0.000136 0.000136 0.000137 0.000137 0.000137 0.000137 0.000136 0.000136 0.000136 0.000136 0.000136 0.000136 0.000136 0.000136 0.000136 0.000136 0.000136 0.000136 0.000136 0.000136 0.000136 0.000136 0.000136 0.000136 0.000136 0.000136 0.000136 0.000136 0.000136 0.000136 0.000136 0.000136 0.000136 0.000136 0.000136 0.000136 0.000136 0.000136 0.000136 0.000136 0.000136 0.000137 0.000136 0.000136 0.000136 0.000136 0.000136 0.000136 0.000136 0.000136 0.000137 0.000137 0.000136 0.000136 0.000136 0.000136 0.000137 0.000136 0.000136 0.000136 0.000137 0.000136 0.000136 0.000136 0.000136 0.000136 0.000136 0.000136 0.000136 0.000136 0.000136 0.000137 0.000137 0.000136 0.000136 0.000137 0.000136 0.000136 0.000137 0.000136 0.000136 0.000136 0.000137 0.000137 0.000136 0.000137 0.000136 0.000137 0.000137 0.000137 0.000136 0.000136 0.000137 0.000136 0.000136 0.000136 0.000136 0.000136 0.000136 0.000136 0.000136 0.000136 0.000136 0.000136 0.000136 0.000136 0.000136 0.000136 0.000136 0.000136 0.000136 0.000136 0.000136 0.000136 0.000136 0.000136 0.000136 0.000136 0.000136 0.000136 0.000136 0.000136 0.000136 0.000136 0.000136 0.000136 0.000136 0.000136 0.000136 0.000136 0.000137 0.000137 0.000137 0.000137 0.000136 0.000137 0.000136 0.000137 0.000136 0.000137 0.000136 0.000136 0.000136 0.000136 0.000136 0.000137 0.000136 0.000136 0.000136 0.000136 0.000137 0.000136 0.000136 0.000136 0.000136 0.000136 0.000136 0.000136 0.000136 0.000137 0.000136 0.000136 0.000137 0.000136 0.000136 0.000137 0.000136 0.000136 0.000136 0.000136 0.000136 0.000136 0.000136 0.000136 0.000137 0.000136 0.000136 0.000137 0.000136 0.000136 0.000136 0.000136 0.000136 0.000136 0.000136 0.000136 0.000137 0.000136 0.000136 0.000136 0.000136 0.000136 0.000136 0.000136 0.000136 0.000136 0.000137 0.000136 0.000136 0.000136 0.000136 0.000136 0.000136 0.000136 0.000136 0.000136 0.000136 0.000137 0.000136 0.000136 0.000136 0.000136 0.000137 0.000136 0.000136 0.000136 0.000136 0.000137 0.000136 0.000136 0.000136 0.000136 0.000136 0.000137 0.000136 0.000136 0.000137 0.000136 0.000136 0.000136 0.000136 0.000136 0.000136 0.000136 0.000136 0.000136 0.000136 0.000136 0.000136 0.000136 0.000136 0.000136 0.000136 0.000136 0.000136 0.000136 0.000136 0.000136 0.000136 0.000136 0.000136 0.000136 0.000137 0.000136 0.000136 0.000136 0.000136 0.000136 0.000136 0.000136 0.000136 0.000136 0.000136 0.000136 0.000136 0.000136 0.000136 0.000137 0.000136 0.000136 0.000136 0.000136 0.000136 0.000136 0.000136 0.000137 0.000137 0.000136 0.000136 0.000136 0.000136 0.000136 0.000136 0.000136 0.000136 0.000136 0.000136 0.000136 0.000136 0.000136 0.000136 0.000135 0.000136 0.000136 0.000136 0.000136 0.000136 0.000136 0.000136 0.000136 0.000136 0.000136 0.000136 0.000136 0.000136 0.000136 0.000136 0.000136 0.000136 0.000136 0.000136 0.000136 0.000136 0.000136 0.000136 0.000136 0.000136 0.000136 0.000136 0.000136 0.000136 0.000137 0.000136 0.000136 0.000136 0.000136 0.000136 0.000136 0.000136 0.000136 0.000136 0.000136 0.000136 0.000136 0.000136 0.000136 0.000136 0.000136 0.000136 0.000136 0.000136 0.000136 0.000136 0.000136 0.000136 0.000136 0.000136 0.000136 0.000136 0.000136 0.000136 0.000136 0.000136 0.000136 0.000136 0.000136 0.000136 0.000136 0.000136 0.000136 0.000136 0.000136 0.000136 0.000136 0.000136 0.000136 0.000136 0.000136 0.000136 0.000136 0.000136 0.000136 0.000136 0.000136 0.000136 0.000136 0.000136 0.000136 0.000136 0.000136 0.000136 0.000136 0.000136 0.000136 0.000136 0.000136 0.000136 0.000136 0.000136 0.000136 0.000136 0.000136 0.000136 0.000136 0.000136 0.000136 0.000136 0.000136 0.000136 0.000136 0.000136 0.000136 0.000136 0.000136 0.000136 0.000135 0.000136 0.000136 0.000136 0.000136 0.000136 0.000136 0.000136 0.000136 0.000136 0.000136 0.000136 0.000136 0.000135 0.000136 0.000136 0.000136 0.000136 0.000136 0.000136 0.000136 0.000136 0.000136 0.000136 0.000136 0.000136 0.000136 0.000136 0.000136 0.000136 0.000136 0.000136 0.000136 0.000136 0.000136 0.000136 0.000136 0.000136 0.000136 0.000136 0.000136 0.000136 0.000136 0.000136 0.000136 0.000136 0.000136 0.000136 0.000136 0.000136 0.000136 0.000136 0.000136 0.000136 0.000136 0.000136 0.000136 0.000136 0.000136 0.000136 0.000136 0.000136 0.000136 0.000136 0.000136 0.000136 0.000136 0.000136 0.000136 0.000136 0.000136 0.000136 0.000136 0.000137 0.000136 0.000136 0.000136 0.000136 0.000136 0.000136 0.000136 0.000136 0.000136 0.000136 0.000136 0.000136 0.000136 0.000136 0.000136 0.000136 0.000136 0.000136 0.000136 0.000136 0.000136 0.000136 0.000136 0.000136 0.000136 0.000136 0.000136 0.000136 0.000136 0.000136 0.000136 0.000136 0.000136 0.000136 0.000136 0.000136 0.000136 0.000136 0.000136 0.000136 0.000136 0.000136 0.000136 0.000136 0.000136 0.000136 0.000136 0.000136 0.000136 0.000136 0.000136 0.000136 0.000136 0.000136 0.000136 0.000136 0.000136 0.000136 0.000136 0.000136 0.000136 0.000136 0.000136 0.000136 0.000136 0.000136 0.000136 0.000136 0.000136 0.000136 0.000136 0.000136 0.000136 0.000136 0.000136 0.000136 0.000136 0.000136 0.000136 0.000136 0.000136 0.000136 0.000136 0.000136 0.000136 0.000136 0.000136 0.000136 0.000136 0.000136 0.000136 0.000136 0.000136 0.000136 0.000136 0.000136 0.000136 0.000136 0.000136 0.000136 0.000136 0.000136 0.000136 0.000136 0.000136 0.000136 0.000136 0.000136 0.000136 0.000136 0.000136 0.000136 0.000136 0.000136 0.000136 0.000136 0.000136 0.000136 0.000136 0.000136 0.000136 0.000136 0.000136 0.000136 0.000136 0.000136 0.000136 0.000136 0.000136 0.000136 0.000136 0.000136 0.000136 0.000136 0.000136 0.000136 0.000136 0.000136 0.000136 0.000136 0.000136 0.000136 0.000136 0.000136 0.000136 0.000136 0.000136 0.000136 0.000136 0.000136 0.000136 0.000136 0.000136 0.000136 0.000136 0.000136 0.000136 0.000136 0.000136 0.000136 0.000136 0.000136 0.000136 0.000136 0.000136 0.000136 0.000136 0.000136 0.000136 0.000136 0.000136 0.000136 0.000136 0.000136 0.000136 0.000136 0.000136 0.000136 0.000136 0.000136 0.000136 0.000136 0.000136 0.000136 0.000136 0.000136 0.000136 0.000136 0.000136 0.000136 0.000136 0.000136 0.000136 0.000136 0.000136 0.000136 0.000136 0.000136 0.000136 0.000136 0.000136 0.000136 0.000136 0.000136 0.000136 0.000136 0.000136 0.000136 0.000136 0.000136 0.000136 0.000136 0.000136 0.000136 0.000136 0.000136 0.000136 0.000136 0.000136 0.000136 0.000136 0.000136 0.000136 0.000136 0.000136 0.000136 0.000136 0.000136 0.000136 0.000136 0.000136 0.000136 0.000135 0.000136 0.000136 0.000136 0.000136 0.000136 0.000136 0.000136 0.000136 0.000136 0.000136 0.000136 0.000136 0.000136 0.000136 0.000136 0.000136 0.000136 0.000136 0.000136 0.000136 0.000136 0.000136 0.000136 0.000136 0.000136 0.000136 0.000136 0.000136 0.000136 0.000136 0.000136 0.000136 0.000136 0.000136 0.000136 0.000136 0.000136 0.000136 0.000136 0.000136 0.000136 0.000136 0.000136 0.000136 0.000136 0.000136 0.000136 0.000136 0.000136 0.000136 0.000136 0.000136 0.000136 0.000136 0.000136 0.000136 0.000136 0.000136 0.000136 0.000136 0.000136 0.000136 0.000136 0.000136 0.000136 0.000136 0.000136 0.000136 0.000136 0.000136 0.000136 0.000136 0.000136 0.000136 0.000136 0.000136 0.000136 0.000136 0.000136 0.000136 0.000136 0.000136 0.000136 0.000136 0.000136 0.000136 0.000136 0.000136 0.000136 0.000136 0.000136 0.000136 0.000136 0.000136 0.000136 0.000136 0.000136 0.000136 0.000136 0.000136 0.000136 0.000136 0.000136 0.000136 0.000136 0.000136 0.000136 0.000136 0.000135 0.000136 0.000136 0.000136 0.000136 0.000136 0.000136 0.000136 0.000136 0.000136 0.000136 0.000136 0.000136 0.000136 0.000136 0.000136 0.000136 0.000136 0.000136 0.000136 0.000136 0.000136 0.000136 0.000136 0.000136 0.000136 0.000136 0.000136 0.000136 0.000136 0.000136 0.000136 0.000136 0.000136 0.000136 0.000136 0.000136 0.000136 0.000136 0.000136 0.000136 0.000136 0.000136 0.000136 0.000136 0.000136 0.000136 0.000135 0.000136 0.000136 0.000137 0.000136 0.000136 0.000136 0.000136 0.000136 0.000136 0.000136 0.000136 0.000136 0.000136 0.000136 0.000136 0.000136 0.000136 0.000136 0.000136 0.000136 0.000136 0.000136 0.000136 0.000136 0.000136 0.000136 0.000136 0.000136 0.000135 0.000135 0.000136 0.000136 0.000136 0.000136 0.000136 0.000136 0.000136 0.000136 0.000136 0.000136 0.000136 0.000136 0.000136 0.000136 0.000136 0.000136 0.000136 0.000136 0.000136 0.000136 0.000136 0.000136 0.000136 0.000136 0.000136 0.000136 0.000136 0.000135 0.000136 0.000136 0.000136 0.000136 0.000136 0.000136 0.000136 0.000136 0.000136 0.000136 0.000136 0.000136 0.000136 0.000136 0.000136 0.000136 0.000136 0.000136 0.000135 0.000136 0.000136 0.000136 0.000135 0.000136 0.000136 0.000135 0.000136 0.000136 0.000136 0.000136 0.000136 0.000136 0.000136 0.000136 0.000136 0.000136 0.000136 0.000135 0.000136 0.000136 0.000135 0.000135 0.000135 0.000136 0.000135 0.000136 0.000135 0.000136 0.000135 0.000136 0.000135 0.000136 0.000135 0.000136 0.000136 0.000135 0.000136 0.000136 0.000136 0.000136 0.000136 0.000135 0.000136 0.000136 0.000135 0.000136 0.000136 0.000135 0.000136 0.000135 0.000136 0.000136 0.000135 0.000135 0.000136 0.000136 0.000136 0.000135 0.000135 0.000135 0.000135 0.000135 0.000135 0.000135 0.000135 0.000135 0.000135 0.000135 0.000135 0.000135 0.000135 0.000135 0.000135 0.000135 0.000135 0.000135 0.000136 0.000135 0.000135 0.000135 0.000136 0.000135 0.000135 0.000135 0.000135 0.000135 0.000135 0.000135 0.000135 0.000135 0.000135 0.000135 0.000135 0.000135 0.000135 0.000135 0.000135 0.000135 0.000135 0.000135 0.000135 0.000135 0.000135 0.000135 0.000135 0.000135 0.000135 0.000135 0.000135 0.000135 0.000135 0.000135 0.000135 0.000135 0.000135 0.000135 0.000135 0.000135 0.000135 0.000135 0.000135 0.000135 0.000135 0.000135 0.000135 0.000135 0.000135 0.000136 0.000136 0.000136 0.000136 0.000136 0.000136 0.000135 0.000135 0.000135 0.000136 0.000140 0.000144 0.000141 0.000139 0.000015 0.000012 0.000019 0.000023 0.000013 0.000023 0.000024 0.000024 0.000023 0.000023 0.000023 0.000019 0.000026 0.000029 0.000021 0.000028 0.000024 0.000022 0.000022 0.000022 0.000018 0.000017 0.000014 0.000010 0.000009 0.000001 0.000002 0.000002 0.000002 0.000002 0.000002 0.000002 0.000002 0.000002 0.000001
140.0 0.000005 0.000007 0.000008 0.000007 0.000008 0.000008 0.000010 0.000008 0.000009 0.000008 0.000007 0.000136 0.000010 0.000032 0.000036 0.000011 0.000013 0.000020 0.000020 0.000021 0.000024 0.000025 0.000023 0.000028 0.000030 0.000028 0.000033 0.000037 0.000037 0.000038 0.000037 0.000037 0.000036 0.000026 0.000038 0.000027 0.000036 0.000028 0.000027 0.000027 0.000027 0.000037 0.000038 0.000030 0.000031 0.000035 0.000030 0.000029 0.000040 0.000040 0.000028 0.000040 0.000040 0.000040 0.000039 0.000034 0.000035 0.000035 0.000034 0.000038 0.000037 0.000031 0.000036 0.000010 0.000009 0.000008 0.000012 0.000004 0.000008 0.000013 0.000015 0.000002 0.000002 0.000002 0.000002
141.0 0.000007 0.000008 0.000008 0.000009 0.000010 0.000010 0.000011 0.000010 0.000017 0.000016 0.000016 0.000020 0.000017 0.000018 0.000016 0.000024 0.000025 0.000023 0.000026 0.000028 0.000034 0.000033 0.000026 0.000035 0.000028 0.000026 0.000037 0.000029 0.000036 0.000036 0.000037 0.000035 0.000039 0.000039 0.000040 0.000039 0.000036 0.000036 0.000037 0.000037 0.000037 0.000035 0.000034 0.000037 0.000036 0.000039 0.000035 0.000038 0.000037 0.000037 0.000031 0.000038 0.000034 0.000036 0.000035 0.000030 0.000034 0.000031 0.000032 0.000035 0.000035 0.000028 0.000030 0.000030 0.000028 0.000029 0.000028 0.000027 0.000025 0.000018 0.000015 0.000025 0.000024 0.000025 0.000026 0.000026 0.000020 0.000016 0.000018 0.000011 0.000004 0.000010 0.000014 0.000017 0.000013 0.000016 0.000008 0.000013
142.0 0.000005 0.000017 0.000019 0.000015 0.000023 0.000032 0.000016 0.000028 0.000029 0.000024 0.000027 0.000027 0.000029 0.000027 0.000028 0.000027 0.000023 0.000024 0.000021 0.000022 0.000022 0.000025 0.000023 0.000015 0.000025 0.000015 0.000017 0.000015 0.000014 0.000012 0.000013 0.000013 0.000013 0.000013 0.000014 0.000013 0.000011 0.000013 0.000016 0.000016 0.000020 0.000019 0.000024 0.000025 0.000025 0.000026 0.000021 0.000022 0.000020 0.000025 0.000029 0.000021 0.000020 0.000020 0.000023 0.000023 0.000021 0.000022 0.000023 0.000021 0.000021 0.000020 0.000021 0.000023 0.000023 0.000020 0.000021 0.000019 0.000019 0.000017 0.000015
143.0 0.000002 0.000004 0.000008 0.000010 0.000010 0.000007 0.000006 0.000006 0.000008 0.000010 0.000008 0.000008 0.000008 0.000008 0.000010 0.000008 0.000013 0.000012 0.000010 0.000011 0.000011 0.000012 0.000012 0.000011 0.000011 0.000012 0.000011 0.000012 0.000012 0.000012 0.000008 0.000007 0.000007 0.000006 0.000006 0.000013 0.000023 0.000022 0.000009 0.000010 0.000014 0.000010 0.000013 0.000020 0.000019 0.000019 0.000016
