130.0 144.0 27.5 42.5 2001-12-30
130.0 0.000003 0.000003 0.000004 0.000004 0.000004 0.000005 0.000005 0.000007 0.000010 0.000008 0.000008 0.000008 0.000009 0.000009 0.000009 0.000009 0.000008 0.000009 0.000009 0.000009 0.000009 0.000009 0.000009 0.000009 0.000010 0.000010 0.000011 0.000011 0.000011 0.000011 0.000010 0.000010 0.000010 0.000010 0.000010 0.000009 0.000003 0.000001 0.000002 0.000002 0.000002 0.000002 0.000002 0.000001
131.0 6.104573e-07 1.124986e-05 4.622034e-06 5.668532e-06 5.755740e-06 9.767317e-06 1.020336e-05 9.767317e-06 9.941733e-06 1.029057e-05 6.453406e-06 8.110361e-06 7.587112e-06 7.587112e-06 4.970867e-06 7.761529e-06 6.278990e-06 6.104573e-06 4.534826e-06 4.622034e-06 5.406908e-06 5.755740e-06 5.842949e-06 6.017365e-06 5.319699e-06 5.581324e-06 5.842949e-06 5.842949e-06 7.063863e-06 5.494116e-06 5.319699e-06 5.494116e-06 4.883659e-06 4.011577e-06 3.749952e-06 3.837160e-06 3.749952e-06 3.749952e-06 3.139495e-06 4.185993e-06 3.488328e-06 3.313911e-06
132.0 0.000003 0.000002 0.000006 0.000004 0.000005 0.000002 0.000004 0.000004 0.000005 0.000004 0.000005 0.000003 0.000005 0.000002 0.000004 0.000004 0.000004 0.000005 0.000005 0.000005 0.000003 0.000005 0.000005 0.000005 0.000004 0.000004 0.000003 0.000002 0.000001
133.0 2.616246e-07 2.092997e-06 1.744164e-06 2.005788e-06 1.744164e-06 1.744164e-06 1.744164e-06 1.569747e-06 1.744164e-06
134.0 0.000003 0.000004 0.000004 0.000003 0.000005 0.000003
135.0 0.000003 0.000004 0.000005 0.000004 0.000005 0.000004 0.000005 0.000005 0.000005 0.000005 0.000005 0.000005 0.000004 0.000004 0.000004 0.000005 0.000005 0.000003 0.000003 0.000003 0.000003
136.0 0.000005 0.000006 0.000005 0.000006 0.000004 0.000005 0.000004 0.000004 0.000004 0.000003 0.000004 0.000003 0.000004
137.0 0.000011 0.000011 0.000010 0.000005 0.000004 0.000005 0.000004 0.000004 0.000004 0.000003 0.000003 0.000004 0.000012 0.000003
138.0 3.488328e-07 5.145283e-06 3.924368e-06 3.313911e-06 3.052287e-06 4.098785e-06 2.877870e-06 6.976655e-06 1.473818e-05 1.517422e-05 1.473818e-05 1.517422e-05 1.482539e-05 1.473818e-05 1.473818e-05 1.604631e-05 1.465098e-05 5.058075e-06
139.0 4.011577e-06 3.924368e-06 3.488328e-06 3.226703e-06 3.837160e-06 3.226703e-06 3.226703e-06 3.401119e-06 3.662744e-06 4.273201e-06 3.313911e-06 3.837160e-06 3.401119e-06 3.401119e-06 3.749952e-06 3.749952e-06 3.662744e-06 3.488328e-06 3.749952e-06 4.011577e-06 4.011577e-06 3.749952e-06 4.534826e-06 7.151071e-06 5.145283e-06 6.715030e-06 4.970867e-06 5.058075e-06 5.058075e-06 6.802239e-06 7.151071e-06 6.976655e-06 7.412696e-06 1.002894e-05 1.116265e-05 1.142427e-05 1.220915e-05 1.177311e-05 6.278990e-06 7.761529e-06 1.770326e-05 1.465098e-05 1.613351e-05 1.203473e-05 1.569747e-05 1.534864e-05 1.683118e-05 1.848814e-05 1.735443e-05 1.290681e-05 1.665676e-05 8.284778e-06 9.854525e-06 1.639514e-05 1.473818e-05 9.156860e-06 9.505692e-06 7.848737e-07 1.308123e-06 1.308123e-06 1.133706e-06
140.0 6.976655e-07 4.185993e-06 5.145283e-06 4.185993e-06 4.185993e-06 4.360409e-06 4.883659e-06 5.406908e-06 5.319699e-06 5.145283e-06 4.273201e-06 5.494116e-06 5.232491e-06 5.232491e-06 4.709242e-06 5.319699e-06 5.232491e-06 5.319699e-06 5.406908e-06 5.494116e-06 5.406908e-06 8.284778e-06 6.889447e-06 6.540614e-06 5.232491e-06 5.755740e-06 5.406908e-06 7.151071e-06 6.104573e-06 7.412696e-06 4.970867e-06 5.930157e-06 6.976655e-06 8.546402e-06 7.674321e-06 8.895235e-06 1.011615e-05 1.840093e-05 1.482539e-05 1.866255e-05 1.482539e-05 1.508702e-05 1.508702e-05 1.779047e-05 1.901138e-05 1.936022e-05 1.674397e-05 1.744164e-05 1.726722e-05 1.883697e-05 2.154042e-05 1.578468e-05 1.892418e-05 2.258692e-05 1.726722e-05 1.543585e-05 1.499981e-05 1.709280e-05 2.555200e-05 2.450550e-05 2.694733e-05 1.962184e-05 2.502875e-05 2.389504e-05 1.953463e-05 2.965078e-05 2.877870e-05 2.014509e-05 2.014509e-05 2.197646e-05 2.328459e-05 3.026124e-05 2.755779e-05 2.319738e-05 2.302296e-05 2.467992e-05 2.258692e-05 2.293575e-05 2.450550e-05 2.433108e-05 5.319699e-06 1.247077e-05 1.273240e-05 2.267413e-06
141.0 0.000002 0.000002 0.000002 0.000007 0.000006 0.000004 0.000005 0.000006 0.000007 0.000008 0.000008 0.000007 0.000008 0.000006 0.000006 0.000006 0.000006 0.000008 0.000007 0.000006 0.000006 0.000007 0.000008 0.000016 0.000018 0.000019 0.000015 0.000019 0.000010 0.000028 0.000025 0.000023 0.000023 0.000024 0.000023 0.000024 0.000020 0.000021 0.000023 0.000021 0.000023 0.000022 0.000020 0.000020 0.000019 0.000026 0.000020 0.000020 0.000019 0.000020 0.000025 0.000025 0.000021 0.000025 0.000024 0.000025 0.000028 0.000030 0.000024 0.000029 0.000025 0.000030 0.000025 0.000024 0.000027 0.000027 0.000026 0.000025 0.000027 0.000022 0.000022 0.000025 0.000025 0.000023 0.000023 0.000024 0.000025 0.000024 0.000027 0.000029 0.000024 0.000024 0.000026 0.000023 0.000026 0.000025 0.000026 0.000024 0.000021 0.000022 0.000025 0.000025 0.000021 0.000018 0.000021 0.000021 0.000016 0.000017 0.000020 0.000019 0.000014 0.000016 0.000021 0.000021 0.000019 0.000022 0.000021 0.000015 0.000018 0.000015 0.000015 0.000015 0.000017 0.000018 0.000014 0.000014 0.000010 0.000005 0.000007 0.000004 0.000009 0.000015 0.000014
142.0 0.000003 0.000003 0.000002 0.000003 0.000004 0.000005 0.000007 0.000016 0.000018 0.000018 0.000004 0.000023 0.000022 0.000016 0.000021 0.000021 0.000016 0.000021 0.000019 0.000018 0.000016 0.000016 0.000015 0.000016 0.000016 0.000016 0.000017 0.000019 0.000017 0.000015 0.000016 0.000017 0.000015 0.000014 0.000018 0.000017 0.000016 0.000025 0.000024 0.000023 0.000018 0.000018 0.000018 0.000018 0.000016 0.000017 0.000017 0.000016 0.000016 0.000015 0.000010 0.000014 0.000016 0.000011 0.000013 0.000008 0.000007 0.000007 0.000007 0.000009 0.000008 0.000008 0.000009 0.000009 0.000008 0.000008 0.000007 0.000009 0.000010 0.000008 0.000010 0.000011 0.000011 0.000012 0.000010 0.000015 0.000014 0.000014 0.000017 0.000014 0.000015 0.000015 0.000012 0.000014 0.000018 0.000014 0.000015 0.000014 0.000014 0.000018 0.000015 0.000018 0.000016 0.000018 0.000014 0.000018 0.000015 0.000015 0.000015 0.000014 0.000016 0.000016 0.000015 0.000014 0.000015 0.000014 0.000015 0.000015 0.000015 0.000016 0.000017 0.000015 0.000016 0.000013 0.000015 0.000015 0.000014 0.000013 0.000013 0.000010
143.0 0.000001 0.000010 0.000007 0.000008 0.000005 0.000006 0.000005 0.000006 0.000006 0.000006 0.000007 0.000007 0.000009 0.000014 0.000012 0.000008 0.000014 0.000013 0.000012 0.000013 0.000010
